933 2210 2374 2210
4441 1329 8767 1329
3117 3560 7059 3560
637 4568 3202 4568
706 856 9621 856
7952 2148 9730 2148
3544 2546 9694 2546
6100 3479 9568 3479
5049 4421 5322 4421
7538 4992 9676 4992
2136 1936 9940 1936
5084 3110 9799 3110
2318 2479 3529 2479
1770 1719 9876 1719
4449 248 8900 248
3758 3829 6192 3829
976 1957 5517 1957
6999 3764 7230 3764
824 4837 2447 4837
2520 3681 5624 3681
5181 375 8804 375
19 506 6232 506
72 2869 2532 2869
7980 4157 8035 4157
1367 3471 8828 3471
269 1589 6078 1589
3251 1648 9278 1648
1725 2762 9866 2762
1804 776 4010 776
1625 2934 3308 2934
2035 3032 7712 3032
4031 681 9788 681
5720 4836 6879 4836
2052 20 5950 20
7871 232 8946 232
4572 2254 8436 2254
2686 1295 7155 1295
5916 2310 8487 2310
8394 1792 8501 1792
2956 3617 8295 3617
999 3974 7294 3974
7951 2071 9975 2071
4741 1367 8507 1367
8989 143 9532 143
4416 1869 8303 1869
6220 362 7534 362
1892 1350 6218 1350
2747 2132 4111 2132
2052 4764 3970 4764
1367 4734 1970 4734
2334 3345 7444 3345
462 3994 2691 3994
660 506 2996 506
5020 3980 5658 3980
103 629 1853 629
4255 2879 6559 2879
3978 1327 7224 1327
8950 2194 8988 2194
5087 2584 10000 2584
758 3085 9912 3085
6591 1669 6946 1669
3748 3606 7966 3606
2191 2317 7384 2317
613 1977 663 1977
5300 1728 8877 1728
657 3719 2632 3719
7256 4191 7715 4191
5899 3798 9637 3798
148 41 2002 41
1593 616 8684 616
2662 4638 4595 4638
3153 863 3244 863
507 1970 8198 1970
4097 224 7585 224
2451 1996 2746 1996
6642 4083 7868 4083
3323 2258 8596 2258
6176 3801 8969 3801
226 4172 9428 4172
4256 628 8941 628
4120 2058 4836 2058
3008 1742 7686 1742
7195 1714 9729 1714
2089 3196 9151 3196
927 4685 2207 4685
5752 3752 9947 3752
2345 4277 9136 4277
4332 2073 5475 2073
825 2021 2790 2021
1034 1061 1965 1061
8523 1780 9067 1780
34 4845 984 4845
1147 2101 4739 2101
856 306 9504 306
2151 2791 4084 2791
4875 3090 5105 3090
2315 1190 7657 1190
5557 1753 5908 1753
6888 1930 8387 1930
3353 1308 9445 1308
1554 4395 9782 4395
6231 1287 6338 1287
632 3012 8045 3012
864 4043 9187 4043
356 982 6045 982
1827 1664 6391 1664
6441 2848 9909 2848
1792 3365 7608 3365
1358 387 8021 387
6792 1413 8252 1413
6301 4214 6603 4214
4428 4725 9637 4725
4548 2348 8683 2348
4579 2462 7094 2462
3772 967 4666 967
1771 216 9838 216
7551 2611 7653 2611
1203 3553 8335 3553
1353 4440 6676 4440
4670 2141 7986 2141
236 1609 8167 1609
1404 3308 3388 3308
5600 4198 6466 4198
4613 2046 7605 2046
1763 191 7636 191
1376 4595 9736 4595
1373 3634 9651 3634
1899 3897 2694 3897
580 3468 2126 3468
3808 4849 5334 4849
191 4761 382 4761
1938 3413 7835 3413
1450 4576 2175 4576
3346 2802 5198 2802
8732 2390 9163 2390
100 2913 4692 2913
6003 1325 9734 1325
870 1494 1398 1494
964 4756 9159 4756
2197 2167 3049 2167
1821 1530 4189 1530
2152 1289 2867 1289
1615 1044 2480 1044
1340 1445 6768 1445
5345 4919 7517 4919
8402 2178 8609 2178
126 3809 5282 3809
7459 4362 9438 4362
7947 1477 8376 1477
1480 3372 1979 3372
5328 2108 9405 2108
2262 2348 5808 2348
3269 3627 9756 3627
8767 3392 9760 3392
5549 1294 9183 1294
1524 2455 5215 2455
4187 1884 6496 1884
2941 4066 4481 4066
5471 2748 5750 2748
1338 3537 5708 3537
844 2976 8032 2976
138 1874 9728 1874
4385 4159 6739 4159
2432 4750 8662 4750
8212 4092 9929 4092
569 2457 9060 2457
8632 2515 9550 2515
3958 2596 7746 2596
5716 2019 6522 2019
3034 4747 7464 4747
60 1914 2216 1914
880 938 6573 938
1216 2998 9189 2998
436 179 4722 179
1043 3095 5169 3095
290 812 5450 812
7851 267 8656 267
2184 3180 5730 3180
5568 4650 6344 4650
791 465 5949 465
6751 711 7813 711
3628 4190 3831 4190
405 1469 1077 1469
1593 3770 9501 3770
2235 1883 6590 1883
251 363 5168 363
5027 4767 7842 4767
4811 2341 5257 2341
125 3659 1818 3659
1793 3759 7747 3759
4079 4329 5969 4329
4249 3949 6833 3949
474 4193 4741 4193
3783 4750 5912 4750
9803 3578 9898 3578
1882 4540 3318 4540
640 2772 8189 2772
1571 3405 4379 3405
768 4657 4465 4657
1827 1883 7205 1883
3320 2847 8389 2847
2950 1504 6358 1504
5521 4600 9468 4600
4424 3965 5921 3965
2764 1630 7808 1630
6725 1036 9707 1036
820 1862 9159 1862
4122 779 6421 779
2108 3400 3650 3400
4816 2151 8761 2151
3064 48 9614 48
1873 4909 2855 4909
2367 3067 9698 3067
496 4041 2735 4041
655 4588 9727 4588
3696 3613 4560 3613
1176 2058 3001 2058
7891 395 9876 395
4563 1664 8856 1664
6031 4924 7372 4924
4788 1108 5460 1108
2465 4769 8811 4769
1272 1239 4773 1239
3776 1813 5101 1813
1072 4660 5766 4660
1690 3662 2407 3662
3568 996 4998 996
5030 2938 7130 2938
5124 2195 8326 2195
1878 44 2404 44
553 1651 2095 1651
5711 3375 9820 3375
5247 2728 8010 2728
985 3702 8266 3702
1296 4343 3359 4343
7022 2926 7432 2926
4008 2386 7252 2386
7956 1219 8885 1219
2506 2418 3096 2418
931 889 8618 889
4856 3129 9906 3129
3005 4872 8551 4872
1344 913 7926 913
7459 804 7675 804
24 4052 722 4052
5588 4181 8221 4181
735 3694 2488 3694
3354 1418 9824 1418
4102 4868 6041 4868
3485 4040 8080 4040
2793 3713 6880 3713
3951 3319 8238 3319
4665 778 7504 778
1819 4649 5757 4649
4707 2820 6664 2820
7311 4689 9003 4689
2484 2706 2998 2706
226 591 7452 591
402 4346 4860 4346
1484 1546 2975 1546
1454 2838 3499 2838
1586 1211 2080 1211
1637 1521 5742 1521
5278 3090 8806 3090
4839 512 7550 512
5407 1774 7196 1774
4666 3932 4773 3932
2405 4062 9367 4062
1471 2263 8345 2263
7739 628 8812 628
7822 2587 8838 2587
3558 1236 9813 1236
1765 2358 8622 2358
1934 891 4900 891
6632 4276 7883 4276
6727 2393 7278 2393
8902 1638 9373 1638
905 1551 9607 1551
244 2935 4933 2935
7800 4483 9235 4483
5320 2295 7493 2295
72 3158 8568 3158
2701 4358 3150 4358
978 3646 7970 3646
751 4162 5847 4162
8366 15 8376 15
2998 144 7773 144
770 4333 6556 4333
564 2034 5828 2034
4420 3830 5835 3830
4192 1184 8951 1184
4913 1892 5513 1892
3987 1763 5717 1763
7631 2940 8276 2940
3307 4185 7350 4185
5509 2846 8545 2846
140 1998 6997 1998
8000 263 8973 263
7996 519 8601 519
2 275 6155 275
2781 1798 8396 1798
3211 251 8813 251
330 713 8096 713
4812 4658 9081 4658
5205 867 5344 867
2075 1383 5597 1383
942 4639 6930 4639
4604 3809 7463 3809
6350 1122 7175 1122
4580 636 6169 636
2713 1296 4626 1296
729 3629 5304 3629
6215 4156 8216 4156
4098 364 4415 364
4109 441 4588 441
5767 364 9693 364
6721 3315 9305 3315
3862 3367 9729 3367
2743 3614 7910 3614
2372 1348 3592 1348
4001 3520 5880 3520
2575 2032 5747 2032
4050 245 8224 245
4504 97 5655 97
2362 1531 5462 1531
3304 879 4297 879
1201 3477 6819 3477
239 2245 3786 2245
269 4496 4575 4496
1681 4396 6269 4396
833 3507 959 3507
7199 3827 8198 3827
1976 3970 3271 3970
397 4890 9699 4890
1743 1616 8471 1616
7062 4657 8845 4657
1231 2113 7236 2113
140 2764 7312 2764
777 4894 9491 4894
1332 513 9258 513
962 4523 5775 4523
4423 4427 8654 4427
105 3488 9841 3488
6123 4654 6890 4654
3896 2656 6223 2656
4555 2482 7522 2482
3620 3505 4378 3505
1973 4642 9001 4642
3433 4211 6875 4211
5056 89 9465 89
6500 480 9335 480
1648 3727 4382 3727
6964 2220 8368 2220
2078 3553 3457 3553
1972 3922 6734 3922
1583 4224 1835 4224
864 4084 8755 4084
3005 4473 7261 4473
2947 1193 8097 1193
5273 3666 5308 3666
9408 3269 9875 3269
78 1468 3329 1468
1928 4512 4403 4512
1157 1002 9689 1002
4509 527 5890 527
3213 2706 4810 2706
3903 2641 7453 2641
730 1771 8584 1771
455 998 5300 998
3433 3946 9553 3946
1306 2775 2203 2775
2159 4823 2747 4823
1358 1939 2032 1939
949 1640 1204 1640
1554 3224 4875 3224
224 1067 3975 1067
7092 641 8752 641
4907 693 6675 693
2749 3363 6776 3363
933 3654 7637 3654
1951 44 7779 44
22 3219 865 3219
4991 3213 9144 3213
5071 4388 5785 4388
507 1814 8296 1814
8392 562 9210 562
1285 3115 7093 3115
960 4035 9922 4035
5921 4925 9058 4925
3488 1911 8717 1911
820 2152 3509 2152
3228 1792 3906 1792
9297 4931 9666 4931
3053 3124 7963 3124
640 1001 3783 1001
1339 4069 6925 4069
3575 4232 4972 4232
8954 2846 9062 2846
8262 1985 9364 1985
606 1476 3329 1476
4306 2117 9601 2117
460 255 9155 255
681 2391 1636 2391
3799 2275 4959 2275
6146 4787 7501 4787
2927 3222 3962 3222
495 330 4687 330
5519 988 9232 988
6973 3706 6980 3706
6756 455 8307 455
7750 708 8456 708
2671 2688 8386 2688
6944 3822 8028 3822
1239 3135 2619 3135
1184 973 8771 973
4799 687 5955 687
5958 2191 8581 2191
9216 1577 9295 1577
7504 1012 9166 1012
250 3674 5564 3674
943 3509 5490 3509
4230 3367 4781 3367
848 941 9776 941
332 4752 7629 4752
8951 4735 9267 4735
818 1648 7583 1648
3473 3867 6503 3867
4935 1934 9143 1934
648 1094 6439 1094
865 2133 3319 2133
1624 2215 2780 2215
1884 737 4440 737
6643 4274 8658 4274
2667 2762 4165 2762
936 4958 4229 4958
961 883 7366 883
958 4449 8583 4449
218 418 5909 418
6207 3772 9446 3772
4585 3592 5359 3592
1276 2956 9916 2956
905 1301 8610 1301
4100 3508 7163 3508
4880 1747 9007 1747
5260 3666 6193 3666
3496 148 3630 148
5899 1902 9706 1902
4187 2439 8032 2439
1299 3702 3187 3702
6711 4849 7555 4849
6750 4275 7512 4275
1320 2441 9335 2441
1946 3880 2674 3880
6334 2266 8710 2266
6048 1898 9757 1898
4714 2046 8677 2046
2762 1957 5484 1957
8932 4935 9066 4935
4079 3995 7392 3995
1739 1436 7518 1436
379 194 8609 194
3451 4305 9628 4305
4807 4533 7998 4533
1214 37 4541 37
1517 1686 7694 1686
125 1869 7729 1869
7090 4781 8384 4781
4282 2998 5995 2998
910 3250 2758 3250
4885 781 8036 781
2582 964 6552 964
1679 1097 8819 1097
3080 1349 8866 1349
6475 3288 9632 3288
2207 72 3950 72
3234 4125 7247 4125
4175 1195 4782 1195
1087 1090 3523 1090
774 1735 2287 1735
1398 180 2222 180
494 1832 3117 1832
3065 1071 8845 1071
5642 3687 6581 3687
1350 4969 1901 4969
2988 2921 7055 2921
429 4228 5137 4228
571 2442 2598 2442
648 2098 4858 2098
8047 571 8048 571
2289 620 9785 620
2181 4604 2764 4604
2103 1839 2522 1839
2051 3499 8104 3499
2704 3097 7080 3097
249 1440 8845 1440
1890 3655 8592 3655
1853 2930 9632 2930
512 409 6993 409
7326 1975 9809 1975
1008 605 9154 605
8908 1476 9047 1476
1969 1760 7354 1760
5263 4554 8363 4554
858 877 4429 877
3750 3278 5308 3278
3806 4646 9592 4646
3115 399 6089 399
4520 3295 9998 3295
9296 1255 9357 1255
8939 346 9041 346
3512 1769 7926 1769
2337 3220 8618 3220
1791 3510 3600 3510
3111 2239 7919 2239
3117 4619 4096 4619
3361 4535 7202 4535
2218 762 3182 762
5832 2560 8547 2560
6293 4578 9169 4578
3615 4630 4836 4630
6522 179 9424 179
4153 1904 4837 1904
4405 2160 5524 2160
6772 1961 6886 1961
70 4522 7673 4522
3867 2697 9648 2697
3611 554 4623 554
1529 119 4295 119
3737 1027 8504 1027
5438 989 8332 989
6582 3461 8440 3461
846 1882 1337 1882
2589 3680 5456 3680
197 1544 386 1544
727 1249 1631 1249
1820 2318 8860 2318
5397 419 5852 419
7688 3906 9671 3906
398 2059 2702 2059
8536 2639 9612 2639
7240 1340 9474 1340
60 1811 5299 1811
2519 1149 4949 1149
6336 4254 6829 4254
9057 3050 9826 3050
5622 820 9659 820
1152 2637 2163 2637
2839 2151 4122 2151
3653 1170 7354 1170
890 3694 5138 3694
3565 4817 8059 4817
2119 2132 7537 2132
8186 3302 9808 3302
1223 102 1573 102
1392 2626 9461 2626
838 1265 1482 1265
993 1583 7093 1583
2380 1084 4709 1084
5562 1313 9663 1313
4324 2985 9403 2985
368 1648 7056 1648
7901 2541 8556 2541
1419 2169 4592 2169
3310 2677 4921 2677
6470 475 9895 475
2460 4441 6943 4441
2750 4582 6835 4582
541 3835 3427 3835
2884 945 7537 945
1843 2313 9064 2313
88 1867 2341 1867
6953 877 7418 877
972 1969 7986 1969
3333 4778 6195 4778
445 2633 1184 2633
1009 306 4432 306
1679 4028 3958 4028
8888 4658 9058 4658
3019 2339 7057 2339
2068 2137 6197 2137
884 2861 3732 2861
2870 2527 4557 2527
6671 1956 7247 1956
359 2722 6407 2722
1361 3264 4950 3264
895 3668 3160 3668
4727 2828 5982 2828
3826 3635 5079 3635
2358 3032 9568 3032
5942 4770 6832 4770
3245 2718 6189 2718
646 3070 6069 3070
2351 1003 3238 1003
949 1370 3719 1370
5669 2576 7376 2576
884 1932 6982 1932
130 3901 3535 3901
3046 2307 5063 2307
6227 1981 8966 1981
2402 2207 2462 2207
5130 3767 8877 3767
2765 3820 6140 3820
989 806 7156 806
5914 3959 6358 3959
1806 3100 8271 3100
1168 1551 7581 1551
5246 3825 6755 3825
2972 1280 9325 1280
6682 4857 9392 4857
33 4264 6605 4264
2563 1222 9349 1222
5520 2321 7656 2321
6500 4118 9219 4118
5527 370 7058 370
1843 1708 9013 1708
8593 1779 8924 1779
3118 4909 8031 4909
2207 3992 5647 3992
1600 923 5566 923
1628 4654 4526 4654
342 3618 3036 3618
3044 2453 4505 2453
2963 3579 5715 3579
3472 3943 6052 3943
2674 1114 8874 1114
3076 425 5732 425
3478 4196 9423 4196
506 2614 853 2614
3955 4202 8386 4202
7066 1737 9188 1737
429 2630 1391 2630
4783 19 6361 19
5070 2910 9027 2910
7075 947 9879 947
544 1214 9828 1214
1403 121 6206 121
635 851 5366 851
6850 4102 7136 4102
423 3998 3220 3998
2481 455 5346 455
1455 619 1767 619
762 2156 3731 2156
3877 787 7578 787
1202 4805 8677 4805
6409 1850 9590 1850
1632 2267 9252 2267
3320 3696 4574 3696
141 168 8556 168
4649 2016 4665 2016
285 1074 9560 1074
2648 1533 5330 1533
4231 825 5009 825
857 1337 5002 1337
1334 2073 3626 2073
1737 512 4823 512
3263 220 9826 220
3102 1236 5266 1236
8617 3414 9735 3414
899 3405 9508 3405
3804 4343 9225 4343
198 2344 3060 2344
1950 3082 9917 3082
588 345 5976 345
563 4464 608 4464
756 3171 3146 3171
4770 4689 5377 4689
7571 2066 9105 2066
6473 1325 6993 1325
5776 2982 6815 2982
4462 2847 7337 2847
2349 2084 5587 2084
4188 1340 9710 1340
274 754 8582 754
2350 88 5035 88
4982 3802 9414 3802
1617 1655 9634 1655
8771 574 9099 574
404 728 1277 728
101 2862 5812 2862
4313 1031 9186 1031
5839 3520 8458 3520
436 3654 1172 3654
4157 4028 7800 4028
3318 3315 8845 3315
9153 867 9987 867
5450 2148 5489 2148
7375 633 7965 633
992 4903 5753 4903
2032 3101 8666 3101
1775 4017 2868 4017
1520 396 6961 396
5251 4614 7911 4614
6578 3007 8239 3007
852 515 3311 515
6886 1083 9591 1083
1835 1563 4652 1563
7344 4145 7736 4145
1142 4675 6438 4675
2821 237 8069 237
369 4619 7956 4619
1596 1027 5589 1027
4896 2159 8655 2159
2303 2222 5105 2222
6565 2338 8407 2338
1230 4701 7233 4701
2113 4273 3863 4273
644 2516 3816 2516
692 3518 5856 3518
4581 2456 8310 2456
2197 3849 3078 3849
2378 4140 8315 4140
2720 740 7639 740
1900 1909 6069 1909
1865 2565 8953 2565
5536 3147 9974 3147
514 1316 9384 1316
2589 931 8721 931
9110 2701 9184 2701
3272 3713 5164 3713
4843 4835 9750 4835
236 3233 6074 3233
7599 1129 8606 1129
3613 3404 5998 3404
4153 4857 5276 4857
453 1148 7808 1148
5403 1170 8369 1170
3904 1368 5938 1368
2626 3239 3717 3239
5923 3130 7919 3130
5345 1171 7544 1171
70 4040 7390 4040
644 63 7589 63
577 246 3636 246
3920 4802 4845 4802
9697 4835 9715 4835
7106 3931 8761 3931
4116 1266 4225 1266
1058 3926 3941 3926
2189 4378 7835 4378
53 4522 199 4522
3029 4045 3046 4045
2751 2664 3586 2664
1496 2479 9207 2479
1462 551 6053 551
845 3227 5402 3227
7102 3540 7483 3540
3533 161 3566 161
272 1780 792 1780
1803 4447 8635 4447
1426 2273 9163 2273
6546 3098 7308 3098
5437 2309 7034 2309
2943 2532 5926 2532
3888 3250 5297 3250
3480 204 9378 204
3075 2935 9101 2935
1228 4467 4913 4467
3401 3261 5740 3261
4462 1286 7007 1286
5098 4019 5643 4019
894 1103 2891 1103
2725 733 9261 733
7251 2532 8705 2532
4616 1040 7769 1040
9891 2453 9962 2453
386 1102 2313 1102
1514 3335 9619 3335
1995 970 3100 970
798 470 6517 470
3063 3424 7383 3424
4022 2621 9555 2621
2880 855 4735 855
6336 147 9866 147
1706 3191 9003 3191
2758 1322 7032 1322
6637 2813 9436 2813
1267 2265 2625 2265
3991 2574 7480 2574
1134 4466 7772 4466
192 2649 2986 2649
4715 1902 5978 1902
2232 3050 2874 3050
1142 3974 9406 3974
1003 4186 5649 4186
6123 4955 6550 4955
3045 2189 9401 2189
81 4317 9021 4317
570 1327 9509 1327
1297 214 1339 214
1322 381 4105 381
7774 417 9610 417
8569 1887 8769 1887
6118 1564 9874 1564
76 2714 8544 2714
4609 2555 7233 2555
1528 2319 9004 2319
413 4863 3551 4863
414 1760 4622 1760
4168 4995 7325 4995
3059 2547 8542 2547
4202 787 7017 787
180 4651 9604 4651
3597 2293 5219 2293
177 4132 1416 4132
5797 2415 8329 2415
7788 300 9816 300
4488 1351 4900 1351
4153 42 8838 42
134 456 1775 456
1410 561 5756 561
136 1999 547 1999
2115 3341 9350 3341
3310 385 4645 385
8258 2791 9568 2791
1945 2940 5002 2940
5578 4437 9523 4437
889 1829 1085 1829
3895 2728 7934 2728
174 3352 7496 3352
1973 1096 2992 1096
6087 3049 7698 3049
5437 2191 8178 2191
836 129 1570 129
5333 2310 9800 2310
4879 3776 7124 3776
5175 667 5516 667
2979 4259 6521 4259
1556 4522 6759 4522
2500 870 8405 870
1147 1205 5039 1205
2470 1400 7938 1400
5942 289 8051 289
1081 177 9237 177
862 3897 9311 3897
5551 1965 7820 1965
5761 2279 6746 2279
7880 4436 9389 4436
8575 3030 9224 3030
213 3902 9433 3902
1283 1902 2020 1902
3154 4254 4445 4254
2227 4511 9762 4511
2300 236 9104 236
3349 4681 5303 4681
627 3425 4200 3425
5811 4495 8900 4495
7921 935 9465 935
3722 4093 9812 4093
1134 2050 9832 2050
3128 2006 7515 2006
1410 1474 3492 1474
15 122 2841 122
3180 3327 4579 3327
6707 4212 7157 4212
2872 4934 6582 4934
5578 4266 5892 4266
8114 1680 8782 1680
2088 1308 8045 1308
2080 2300 3594 2300
961 2611 7554 2611
2196 696 8207 696
2842 1432 3664 1432
2127 1793 9216 1793
3180 3367 9607 3367
2283 4239 2445 4239
1806 819 3937 819
3181 2484 3874 2484
6896 4926 7971 4926
948 2416 7959 2416
6939 3033 8729 3033
7130 1854 7356 1854
4751 2229 5582 2229
63 4908 4305 4908
630 1180 1806 1180
4444 313 9621 313
5609 4901 8824 4901
2104 2043 4575 2043
2212 3202 5587 3202
1843 161 5700 161
3881 4808 4345 4808
1694 4810 6058 4810
709 632 7766 632
2605 4897 5321 4897
2624 2251 3429 2251
476 2035 6015 2035
1211 803 2968 803
4215 410 6843 410
2831 4332 2873 4332
2881 4296 8275 4296
7314 4079 8532 4079
4807 2929 7755 2929
1671 2952 1741 2952
2052 2664 7840 2664
3805 2114 5405 2114
1475 2841 5211 2841
3852 1908 9953 1908
1177 4380 1218 4380
4395 4188 6949 4188
3373 3956 9403 3956
4268 4123 5935 4123
5345 922 6880 922
3067 4170 4191 4170
2285 3739 5080 3739
5016 3214 7449 3214
1208 948 6558 948
3396 2761 5428 2761
3597 4942 4406 4942
8455 192 9106 192
88 2881 1531 2881
4469 1196 8739 1196
3310 558 5114 558
3563 2678 7142 2678
942 2847 2023 2847
8149 4891 8605 4891
305 4377 2862 4377
2454 4440 4274 4440
7101 1021 9030 1021
1157 2284 9455 2284
3677 4793 7126 4793
3607 3070 9298 3070
4454 1167 5746 1167
2636 3099 8751 3099
6077 2548 9522 2548
2551 952 9656 952
6096 3306 7861 3306
442 1662 1068 1662
3701 4857 3989 4857
1011 1905 3538 1905
7386 742 9366 742
5967 1174 7316 1174
6322 949 7026 949
5114 1635 5686 1635
309 3283 9030 3283
7888 4366 8903 4366
1860 3169 2572 3169
2042 4350 3964 4350
3437 2237 8948 2237
4142 2976 9099 2976
798 3296 9769 3296
6476 2315 7417 2315
57 2858 645 2858
8068 1100 9665 1100
150 357 1300 357
3931 1941 6344 1941
3812 4023 6088 4023
543 2686 6321 2686
916 2256 6960 2256
7028 1087 8913 1087
5013 4076 6449 4076
6110 1549 6958 1549
1278 927 3274 927
1628 135 2742 135
1352 967 3783 967
3214 2860 4822 2860
3563 3363 6299 3363
2155 4968 7381 4968
1702 1074 1736 1074
503 4387 1742 4387
8212 1775 8829 1775
681 2559 8248 2559
6937 1965 9841 1965
1444 572 4764 572
2916 4557 9708 4557
737 4463 3718 4463
452 2938 6448 2938
2084 1232 6805 1232
1039 3095 1534 3095
2712 2505 3188 2505
2187 2620 3665 2620
2524 2945 7967 2945
3391 2103 6992 2103
1912 263 9992 263
2494 2549 3385 2549
421 1767 2836 1767
482 3028 3888 3028
5217 2654 6951 2654
1429 695 8045 695
3951 2576 4326 2576
3663 4673 7640 4673
770 37 8917 37
710 647 3056 647
2088 1555 2143 1555
5947 391 6347 391
2258 1973 9897 1973
3065 1392 6302 1392
2027 3641 9378 3641
2574 2868 8475 2868
619 1975 4241 1975
1703 1739 4776 1739
361 2303 631 2303
495 2934 7529 2934
5724 4733 7506 4733
2207 1810 6233 1810
4412 200 6926 200
7670 3159 8579 3159
7592 2308 9942 2308
5585 3121 6772 3121
6916 252 8974 252
1183 2831 4240 2831
6639 2678 8948 2678
1615 4204 2063 4204
2264 710 7598 710
4255 1202 9564 1202
190 4138 5683 4138
3729 4350 8430 4350
2455 759 2838 759
865 4004 1054 4004
2485 4010 8761 4010
5286 766 7218 766
2628 3513 8914 3513
6500 769 8715 769
1948 767 7485 767
147 49 6475 49
3820 1171 4813 1171
3719 1026 6480 1026
2478 3561 4163 3561
4913 1254 5170 1254
1359 4872 5582 4872
695 4666 3057 4666
4562 2185 8642 2185
8340 904 9100 904
3469 1060 3717 1060
470 368 9032 368
1442 2027 9689 2027
2527 1048 4841 1048
352 1384 3377 1384
5324 2097 6314 2097
521 4116 2125 4116
737 3095 4293 3095
1954 3797 4624 3797
3378 3786 4893 3786
634 3127 1604 3127
3940 393 7167 393
2732 4513 8387 4513
2812 4829 6296 4829
2896 3277 3363 3277
1656 4833 6368 4833
1759 3832 7349 3832
1178 2462 3483 2462
3879 2871 9570 2871
4214 1690 5125 1690
4529 1306 6762 1306
3127 2219 9244 2219
1143 258 8950 258
4047 2105 4626 2105
13 1929 5747 1929
1192 2106 8959 2106
1881 2065 5691 2065
5953 15 9957 15
6965 1227 9393 1227
397 4006 6564 4006
114 1026 270 1026
3953 802 8350 802
696 2462 3579 2462
3644 2973 5086 2973
1416 4095 2338 4095
3048 1559 9242 1559
1217 2223 6779 2223
1038 4722 4531 4722
2206 653 2486 653
4320 3468 9673 3468
2390 2762 8556 2762
207 3421 898 3421
1902 2646 8818 2646
6910 2227 7122 2227
7260 3949 8365 3949
1966 2555 2619 2555
9360 2132 9383 2132
1849 700 7176 700
2733 3885 9808 3885
1508 3175 5581 3175
2788 4943 8619 4943
6824 2772 7787 2772
669 925 7102 925
1992 1501 6400 1501
3197 2327 5991 2327
1221 1708 3430 1708
4490 615 6374 615
1043 895 6663 895
552 2226 9650 2226
83 4183 5675 4183
2102 1396 8645 1396
86 2436 1433 2436
1860 729 2689 729
2619 3476 6638 3476
5920 4752 9902 4752
2341 2638 7893 2638
1075 2711 9919 2711
1600 2960 2382 2960
1236 581 3470 581
7786 4753 8272 4753
6788 4187 7616 4187
6400 3611 8920 3611
1533 2057 7300 2057
806 1009 2680 1009
585 3817 2000 3817
1689 1458 6159 1458
2533 212 3053 212
5470 35 9504 35
622 4447 723 4447
900 4143 8726 4143
25 3845 5120 3845
2240 732 8618 732
2204 4432 3729 4432
2897 1715 8295 1715
1733 1363 3785 1363
5604 4493 9884 4493
3962 839 7388 839
1357 1914 8662 1914
2178 2726 3031 2726
3416 2498 5761 2498
6816 2119 8732 2119
606 3157 1553 3157
5487 73 8014 73
5341 101 9813 101
1868 1723 9209 1723
1515 4440 6120 4440
2237 2225 5285 2225
4854 819 7268 819
217 258 936 258
146 541 4144 541
3911 3250 5685 3250
1160 2726 5890 2726
5718 1061 9811 1061
2382 2607 5719 2607
5583 3357 9316 3357
3930 4416 7340 4416
7032 3043 7576 3043
1277 4056 9421 4056
1022 4105 9979 4105
726 3235 1896 3235
3148 4385 7147 4385
1611 3038 4170 3038
2142 796 6706 796
2342 148 3311 148
4718 2513 9047 2513
3841 2332 7715 2332
77 110 7392 110
7183 4312 8137 4312
1371 1287 6735 1287
5616 330 7135 330
2190 2424 4223 2424
4264 3758 6992 3758
1735 3854 8725 3854
882 3035 9213 3035
1957 951 5349 951
885 908 7611 908
2809 1759 8691 1759
204 1304 205 1304
7388 78 7767 78
5119 4379 8391 4379
581 3543 2626 3543
2121 1766 9186 1766
7652 1111 8579 1111
2669 4490 5555 4490
3842 366 6104 366
5027 2448 8639 2448
8049 2753 8914 2753
757 2494 4748 2494
3669 4497 6472 4497
1742 1111 3184 1111
8080 1476 9880 1476
20 980 2153 980
1913 3135 8066 3135
447 1315 9757 1315
1380 1690 9742 1690
7151 4096 8103 4096
8974 3032 9453 3032
1431 4174 8615 4174
5611 1951 8989 1951
1567 3453 9333 3453
5159 840 9179 840
3796 1889 4839 1889
2267 4568 9774 4568
689 4852 6811 4852
7893 930 9096 930
3807 4995 9143 4995
3403 4139 7488 4139
7347 2187 8572 2187
7813 2583 8398 2583
1501 2243 3040 2243
1195 1386 6307 1386
3129 3207 8804 3207
826 3465 4072 3465
3571 3995 9602 3995
4337 4325 5435 4325
9750 24 9975 24
4831 1029 8730 1029
350 849 8599 849
7369 4172 8143 4172
1476 2360 1845 2360
4780 2311 9686 2311
3787 1007 7507 1007
574 1163 8547 1163
2439 2037 8261 2037
3442 1510 7361 1510
154 1057 5757 1057
5852 2660 9090 2660
4429 897 9997 897
3518 1702 7400 1702
2146 3088 9403 3088
1391 2132 7598 2132
2272 3488 7712 3488
3706 2663 8816 2663
7277 2858 9964 2858
1418 4812 2410 4812
1323 3321 3896 3321
5796 4475 7855 4475
2109 2945 8727 2945
1706 2788 6242 2788
3556 2674 7694 2674
7834 1069 9301 1069
501 4662 2090 4662
1623 3311 6167 3311
1384 758 5877 758
4160 1629 8522 1629
4443 4619 9174 4619
4245 1612 7982 1612
2966 2415 3884 2415
1502 2641 5683 2641
2918 2845 2969 2845
2691 3352 9422 3352
5689 4022 7852 4022
2316 1574 3274 1574
642 4259 9664 4259
7262 1743 7875 1743
1685 3915 8702 3915
2808 2919 3231 2919
2180 598 2770 598
9087 2783 9353 2783
5402 2933 7056 2933
4188 2877 7550 2877
3621 1933 6418 1933
2271 3156 3846 3156
7 4495 8151 4495
5870 2467 7894 2467
641 2382 8131 2382
5421 1778 8740 1778
319 4992 5177 4992
1092 120 3055 120
7687 1129 9646 1129
5343 2986 9093 2986
1004 432 8778 432
312 965 4032 965
5437 2986 5550 2986
2811 4449 8858 4449
2144 1052 9729 1052
5261 3843 7512 3843
8730 3520 8868 3520
8032 1477 8638 1477
3951 1143 6090 1143
6695 1106 8947 1106
4380 195 7388 195
2557 1883 9386 1883
2557 1672 5113 1672
1817 2015 8501 2015
5290 1482 6799 1482
3613 260 8012 260
3840 396 6065 396
5857 4651 8801 4651
1611 2541 8598 2541
4636 4587 8994 4587
305 1371 7429 1371
3804 4529 8739 4529
5961 2020 9207 2020
738 1608 5217 1608
1969 1766 8379 1766
6562 2901 8854 2901
5181 1118 5874 1118
1556 4172 7444 4172
328 1287 7673 1287
675 3634 7219 3634
2546 2602 8190 2602
6042 1761 8857 1761
6564 1698 9367 1698
1039 1198 3316 1198
4366 1296 9454 1296
3979 4742 9452 4742
380 2370 7617 2370
6033 48 8967 48
9453 3542 9651 3542
1501 1199 7049 1199
6815 3441 7721 3441
6757 881 6917 881
3069 2930 5032 2930
1084 2225 1170 2225
3434 3756 6094 3756
1191 514 5099 514
1304 4626 9586 4626
6797 4060 7354 4060
7626 1335 9854 1335
632 3567 8152 3567
4820 2194 8862 2194
4952 51 4960 51
3034 4165 7356 4165
3924 413 8182 413
498 304 1598 304
4182 1858 4954 1858
8103 1840 9533 1840
1702 3489 4385 3489
3690 3556 9388 3556
1052 4624 4820 4624
3401 2642 5619 2642
2589 4706 8290 4706
2784 1635 9252 1635
551 2637 9007 2637
1121 3898 2880 3898
1806 3200 4599 3200
5568 39 5661 39
2345 4796 4099 4796
3694 3230 5268 3230
418 3548 2564 3548
2039 365 4070 365
1488 4023 4960 4023
3324 2883 3626 2883
1531 4532 4703 4532
5040 3760 9209 3760
3019 1641 4145 1641
5921 1521 6276 1521
5203 1420 9185 1420
3416 4668 5449 4668
6523 1333 6956 1333
1665 3874 6987 3874
2733 4552 7233 4552
5347 3221 8926 3221
8177 1529 9171 1529
3998 211 6935 211
6791 4329 8258 4329
3109 1310 8364 1310
5680 311 9574 311
2588 4170 5224 4170
6264 4315 7466 4315
1914 939 6908 939
875 198 5548 198
1490 60 6629 60
3665 3823 7470 3823
8103 3485 9521 3485
8104 4473 9087 4473
3741 3320 6080 3320
1271 495 4954 495
2095 3510 6305 3510
5529 3146 7787 3146
5316 797 9886 797
1974 1287 4546 1287
1430 4897 5180 4897
1584 440 4853 440
898 885 1671 885
4283 1425 6203 1425
943 4743 5738 4743
1747 761 4921 761
720 1378 2723 1378
2234 2337 3522 2337
9104 4425 9137 4425
96 836 846 836
21 4113 367 4113
5718 202 9148 202
8121 299 8169 299
5967 2713 7299 2713
302 811 6010 811
255 2712 3880 2712
5931 3238 8466 3238
1329 2150 1368 2150
2653 4289 4389 4289
195 4838 1848 4838
2635 4010 7099 4010
2638 1623 3162 1623
4524 518 5481 518
1549 267 4119 267
1025 562 6678 562
6996 1994 7361 1994
4576 3444 9843 3444
845 1780 7373 1780
1471 4961 3424 4961
9028 4912 9155 4912
2700 4735 4276 4735
3826 3027 6051 3027
2865 2553 5531 2553
5363 1212 8911 1212
1003 1305 5318 1305
2227 4297 9476 4297
904 3499 4622 3499
1939 4712 3638 4712
4103 1009 8913 1009
4432 2737 9543 2737
5809 2810 9882 2810
1148 100 3992 100
1104 4490 3681 4490
192 2487 6531 2487
9145 1987 9327 1987
1394 1317 8930 1317
2198 2130 6737 2130
6276 2335 6383 2335
4800 441 6135 441
7764 4303 9029 4303
1326 3555 4569 3555
4863 3384 7079 3384
1579 2338 4273 2338
6745 4487 9274 4487
2156 808 7338 808
7688 837 9965 837
8591 462 9011 462
6292 1714 9888 1714
844 2073 5743 2073
233 170 9068 170
3107 3913 5371 3913
6565 52 7988 52
511 4673 7919 4673
5416 1554 6685 1554
6865 229 7565 229
1049 433 5511 433
688 3141 1102 3141
5135 583 6933 583
2386 2122 6162 2122
8387 253 9601 253
4144 423 8097 423
1767 3798 9366 3798
975 2867 1921 2867
3000 2151 8627 2151
4 960 6111 960
4462 86 8317 86
3320 3867 4921 3867
392 3188 1281 3188
6419 4540 9136 4540
1621 1199 8803 1199
4845 3105 5574 3105
2162 375 8244 375
1715 4079 8980 4079
348 250 1638 250
1221 988 5088 988
6450 3138 8796 3138
3305 4819 5910 4819
897 198 8225 198
6045 2241 8432 2241
1220 4163 3609 4163
377 1906 9773 1906
4656 107 6048 107
5741 2215 7501 2215
1715 833 3844 833
4691 4406 5385 4406
14 4275 7599 4275
1254 4197 7470 4197
1577 963 4017 963
4444 2389 9327 2389
186 263 3099 263
1434 1357 4476 1357
1435 1679 8945 1679
6300 593 7157 593
5289 1747 8686 1747
4616 1907 8665 1907
646 2804 6859 2804
3365 3768 9885 3768
3469 2993 9006 2993
2086 1142 5448 1142
5414 2420 8473 2420
3490 486 6779 486
3014 3957 5027 3957
5272 683 6803 683
7333 500 8432 500
6775 2862 7537 2862
2198 1963 9624 1963
629 1384 5212 1384
3718 2419 6596 2419
41 170 7582 170
7069 3902 9825 3902
1242 3873 9372 3873
469 2577 9116 2577
354 686 4087 686
687 19 1394 19
3183 1753 3536 1753
8105 750 9891 750
2751 1783 6145 1783
3630 1278 6558 1278
1506 174 6289 174
297 4322 5287 4322
6201 4504 6760 4504
4494 4906 7878 4906
2096 985 5939 985
8337 4764 9840 4764
3555 78 6151 78
3235 1724 9479 1724
3495 4789 5073 4789
1902 557 6702 557
4055 2597 4728 2597
848 1660 7582 1660
4067 1846 6938 1846
6741 2130 7704 2130
4338 3636 5045 3636
2066 3461 9886 3461
6763 3580 9647 3580
6793 4679 9073 4679
4366 4954 9577 4954
163 2599 252 2599
616 2792 5506 2792
7248 4286 9908 4286
4339 4742 5412 4742
2841 2456 3804 2456
7676 1455 7846 1455
6594 364 9713 364
4097 4470 6538 4470
4940 852 7713 852
494 143 7207 143
3312 4954 3445 4954
4055 393 8068 393
3599 1925 9616 1925
6391 3512 6702 3512
1909 3023 9296 3023
3970 195 5142 195
141 3795 1924 3795
2110 4349 4604 4349
2073 4046 8879 4046
1041 3610 8787 3610
6926 640 8400 640
1579 3797 6469 3797
3899 2708 6682 2708
1851 4605 9380 4605
8755 1614 9312 1614
970 3061 1604 3061
3654 1997 9427 1997
1164 4740 6825 4740
6727 3180 7838 3180
602 3970 9357 3970
1660 2545 1693 2545
120 1874 9861 1874
4774 1962 7793 1962
2911 593 5521 593
2913 1668 9600 1668
9495 120 9728 120
4167 4103 4460 4103
3977 826 7819 826
2729 1960 5758 1960
153 3103 9286 3103
9375 4266 9830 4266
1151 4340 1285 4340
855 229 4356 229
8057 982 9805 982
1594 1612 3194 1612
6189 4988 7206 4988
1510 14 7632 14
5903 3977 7313 3977
4183 3330 6331 3330
1453 4523 4907 4523
4538 478 6576 478
2088 4375 5904 4375
1568 1389 9586 1389
1052 3745 2168 3745
620 3336 8474 3336
5793 3241 9591 3241
610 1371 2333 1371
2239 3569 7651 3569
2725 2658 3236 2658
2277 2941 8190 2941
979 3636 7835 3636
5737 4741 8393 4741
2328 1627 3886 1627
3953 2334 5939 2334
3653 3562 7501 3562
30 4351 2640 4351
4142 3481 4416 3481
7193 762 7318 762
2850 3178 5774 3178
671 3034 3992 3034
7547 1503 8525 1503
3583 959 4939 959
101 240 6633 240
4440 4668 9717 4668
5423 3155 7528 3155
4185 819 8011 819
4188 4580 4419 4580
565 2517 7358 2517
2029 3460 8675 3460
4033 3402 6797 3402
5431 1073 5530 1073
2752 2903 8346 2903
1667 911 6234 911
5514 1222 9526 1222
3040 285 7598 285
2290 212 6566 212
7587 1257 7695 1257
1250 1664 3207 1664
9374 1403 9391 1403
3823 3601 8644 3601
1359 988 2029 988
4124 101 9113 101
3054 3416 5999 3416
1539 1397 2186 1397
661 3274 9587 3274
3540 1399 9258 1399
791 2018 6623 2018
4739 2786 6471 2786
3764 4103 7319 4103
446 1632 4619 1632
453 4683 9998 4683
4111 4017 5847 4017
2381 299 9557 299
3830 1126 4884 1126
3553 4948 6375 4948
5270 3816 6702 3816
717 4033 2696 4033
1793 3930 8213 3930
8314 2164 8767 2164
4678 2190 5316 2190
2751 263 5432 263
461 1283 3714 1283
418 3257 7650 3257
803 1566 5174 1566
1444 2329 9228 2329
7567 4228 9084 4228
3641 4597 6256 4597
2735 4635 8748 4635
2415 4144 7163 4144
670 4553 1439 4553
3512 3831 8839 3831
4187 2944 7041 2944
45 2796 3507 2796
1451 689 2252 689
72 1766 9837 1766
3686 743 3830 743
5103 4590 9926 4590
3557 4996 4466 4996
1238 3270 1726 3270
4910 4392 4940 4392
5475 2997 6523 2997
9117 2917 9769 2917
744 4082 1982 4082
539 3218 591 3218
742 4700 8277 4700
2906 2050 4711 2050
4786 3419 9116 3419
6391 2797 8366 2797
7041 1497 7226 1497
4988 3068 7169 3068
1891 1506 5347 1506
7696 3699 8742 3699
4290 1082 4581 1082
2418 2701 9234 2701
915 521 6186 521
4282 3422 9764 3422
3019 1505 4522 1505
2180 2570 8114 2570
396 4105 2552 4105
3973 4427 7172 4427
8008 4853 9397 4853
1802 187 7910 187
4592 370 7126 370
2484 175 3666 175
630 2669 7338 2669
74 1268 2899 1268
4705 452 8791 452
3246 2501 4348 2501
3000 926 5860 926
7445 3655 7469 3655
7150 1742 7613 1742
6080 1832 7745 1832
3189 2388 9799 2388
2167 4100 3430 4100
5544 3052 6353 3052
5043 3731 9324 3731
3336 3552 8642 3552
6792 4726 8402 4726
69 194 4772 194
8230 702 8231 702
3511 2128 4001 2128
6470 3786 9048 3786
3501 4632 9495 4632
1682 3060 3999 3060
3213 2251 5992 2251
3200 1003 6036 1003
1459 2292 7328 2292
1055 2808 2704 2808
4420 4764 5177 4764
4848 1899 9899 1899
6176 4935 7232 4935
965 4630 4569 4630
133 3262 4388 3262
4768 1445 5479 1445
4571 1801 7617 1801
1010 2580 8402 2580
3432 787 9041 787
260 3931 1577 3931
231 1551 8764 1551
532 2885 2259 2885
3386 569 5362 569
2252 2405 9832 2405
1192 85 6716 85
5376 3779 7500 3779
4547 485 8600 485
4154 2620 4301 2620
4049 4136 6284 4136
7947 608 8360 608
2952 511 9531 511
8548 4416 9281 4416
437 4775 1167 4775
8766 3588 8818 3588
1736 2305 5358 2305
4606 3216 7756 3216
3822 2876 7620 2876
1419 2104 5022 2104
1512 4194 5075 4194
5807 3134 7689 3134
3394 3450 6857 3450
2468 4389 8803 4389
4919 4447 9143 4447
6572 1281 9010 1281
5450 4747 8127 4747
4641 3548 6153 3548
2087 2692 8277 2692
2262 4626 6621 4626
684 3973 775 3973
8212 1482 8875 1482
4781 3579 6121 3579
3611 2711 4082 2711
4519 1869 9937 1869
9322 1494 9609 1494
235 3231 8637 3231
4757 4278 7168 4278
1935 2649 8711 2649
1437 2888 8789 2888
509 786 7324 786
2168 2866 9762 2866
1335 2258 8950 2258
4497 3248 8005 3248
123 3597 9531 3597
6567 4752 7262 4752
5907 3341 6370 3341
8136 2907 8267 2907
1992 2361 8917 2361
7650 2987 9461 2987
5021 553 5541 553
441 3910 5523 3910
2324 2465 7549 2465
7154 2913 9387 2913
4708 1820 9218 1820
7358 1254 9190 1254
4215 3027 6549 3027
1326 3814 7095 3814
3011 4217 5475 4217
540 2797 5672 2797
6398 1242 7783 1242
2936 2475 4849 2475
2234 884 5973 884
5259 2206 9388 2206
3702 4355 5320 4355
6173 4959 8524 4959
835 4684 4297 4684
5652 4003 7103 4003
689 248 4250 248
7105 3632 8281 3632
2323 3461 3946 3461
6392 3207 9336 3207
127 1266 4541 1266
1 3774 9983 3774
1602 1997 5650 1997
1128 567 4220 567
8746 436 9629 436
4819 3586 6449 3586
3193 205 9752 205
5950 57 7606 57
2557 2306 9715 2306
1721 4844 3761 4844
2759 510 2946 510
2913 1151 7076 1151
3555 21 7798 21
7182 3038 7520 3038
4164 640 9283 640
1906 3122 4615 3122
1988 4839 2154 4839
4248 2594 8748 2594
9244 2233 9394 2233
3559 3625 9881 3625
164 1803 4609 1803
512 3185 8567 3185
4232 2118 5869 2118
6158 1998 8194 1998
1251 1141 3308 1141
2241 2684 9681 2684
1810 793 8524 793
2247 4646 7741 4646
1450 509 4816 509
2593 568 3455 568
1306 1899 9815 1899
2370 2970 9266 2970
41 4385 77 4385
5382 2690 9435 2690
750 2768 2568 2768
1691 4431 8147 4431
3331 2104 8779 2104
2330 1151 5422 1151
6866 2886 7317 2886
1309 109 3788 109
1047 2388 6370 2388
7625 2395 8418 2395
965 4535 1844 4535
3719 91 9689 91
3455 2271 5040 2271
8439 4284 9407 4284
79 3677 7919 3677
119 1034 3962 1034
484 4811 8484 4811
7610 2332 8933 2332
690 3813 1109 3813
2215 4853 7563 4853
230 3684 8250 3684
4922 953 6700 953
1186 588 8059 588
1522 3936 5908 3936
9189 3189 9441 3189
5788 373 7579 373
1901 4629 5429 4629
1103 3771 6916 3771
2986 2767 4942 2767
2934 3143 2941 3143
2291 2773 6867 2773
169 1789 3103 1789
4269 913 5284 913
315 1392 4110 1392
616 3607 9145 3607
6236 2584 8107 2584
556 3270 1940 3270
128 2500 8151 2500
4635 4210 7413 4210
6408 579 9228 579
6540 3451 9554 3451
4902 3929 9616 3929
1538 4632 6945 4632
3739 2028 3828 2028
1858 3690 9570 3690
9295 2016 9450 2016
2170 1216 5329 1216
6810 3201 9245 3201
8484 385 8796 385
3944 358 9202 358
2715 2913 6219 2913
2770 46 5703 46
2105 859 3281 859
3928 2545 7925 2545
1509 1430 8390 1430
2011 3705 5489 3705
5561 4522 9307 4522
1537 2633 4177 2633
5457 1078 8812 1078
1842 4589 5511 4589
2585 360 4846 360
4016 3503 9531 3503
2987 1767 7290 1767
2507 1793 6803 1793
986 2096 1785 2096
3893 4210 5019 4210
3315 394 5888 394
4460 88 5711 88
3307 2200 8299 2200
5131 3004 5843 3004
1493 4717 8445 4717
4374 4736 5195 4736
3086 209 4403 209
6792 727 7247 727
2000 1815 4069 1815
3875 3733 8551 3733
8822 1059 9329 1059
7690 901 8282 901
947 2212 7764 2212
4777 1819 9267 1819
1198 4156 2894 4156
528 375 4461 375
436 1874 1947 1874
566 2943 936 2943
1178 711 8891 711
3703 1042 6131 1042
557 1627 878 1627
2065 3154 5382 3154
6387 4965 6578 4965
4322 2441 7148 2441
8596 4061 9557 4061
1642 3440 6341 3440
3053 2835 6817 2835
4465 3487 8037 3487
2727 1273 9432 1273
1463 972 2863 972
1618 2966 1656 2966
6705 4365 9033 4365
6600 3476 9484 3476
803 265 5889 265
4076 671 7175 671
6965 2905 9263 2905
3086 4421 5266 4421
5113 3575 8869 3575
3805 901 9601 901
376 1786 2348 1786
4262 1883 5782 1883
7337 3106 8134 3106
2784 1085 3693 1085
1065 2622 4416 2622
4157 1056 5328 1056
2213 1744 2242 1744
2120 1061 3511 1061
3966 4118 7838 4118
376 3207 3806 3207
6155 1428 7635 1428
420 2355 2770 2355
2576 279 7315 279
6511 2794 8095 2794
3066 396 5859 396
6248 1893 8152 1893
1001 734 4911 734
3283 3151 5931 3151
3428 2545 6452 2545
6466 669 8917 669
1933 1846 9875 1846
1446 4704 7695 4704
5260 344 9100 344
6080 1264 9374 1264
2265 4917 7297 4917
5264 4758 8890 4758
2197 3810 8903 3810
850 1792 7874 1792
812 4771 4987 4771
1194 1063 8425 1063
4395 533 7304 533
4476 522 9086 522
1658 2307 9715 2307
6038 4551 8058 4551
3489 4558 3648 4558
3624 3839 5386 3839
1011 2536 4143 2536
5006 3119 5086 3119
2878 1304 8115 1304
718 4651 4631 4651
7980 3679 9527 3679
7401 4173 9598 4173
2672 2186 8905 2186
1736 2597 6105 2597
4514 4422 8239 4422
1784 4472 2545 4472
185 4682 5523 4682
1035 3363 6160 3363
913 2268 2334 2268
4418 4695 6525 4695
4697 1241 4753 1241
1291 777 7718 777
4134 1566 6949 1566
1515 3105 6612 3105
1307 1700 9697 1700
5619 1567 7315 1567
6068 415 8446 415
2341 1874 6447 1874
1343 1206 2830 1206
1829 1668 5330 1668
689 3293 5726 3293
5768 3168 9217 3168
4005 1704 9169 1704
4040 982 5519 982
660 1296 7125 1296
5553 3084 9429 3084
1630 3614 3356 3614
5790 4877 7400 4877
116 2337 4874 2337
544 4783 8819 4783
6755 3431 9622 3431
4904 538 7335 538
3541 3289 9901 3289
2034 3665 5963 3665
870 938 9941 938
4317 3181 8787 3181
223 3496 5261 3496
1945 4705 2133 4705
2295 3627 7558 3627
159 561 5589 561
3530 3422 6695 3422
193 387 3440 387
114 2272 2475 2272
225 3848 1699 3848
9400 1837 9719 1837
525 4640 7853 4640
6655 3420 6999 3420
7377 4304 8028 4304
20 4465 2627 4465
1197 4658 4019 4658
4434 1760 6436 1760
5250 1073 6520 1073
891 4313 7565 4313
6040 4575 7621 4575
4773 4802 5264 4802
2874 4493 6490 4493
2683 4378 9609 4378
991 2081 8617 2081
4227 2307 5472 2307
2973 725 8338 725
6737 2676 9346 2676
6393 4214 6596 4214
1796 2329 8798 2329
8940 56 9941 56
505 528 3871 528
887 2859 5689 2859
654 503 6217 503
3187 2636 3346 2636
7510 4125 8775 4125
7556 4105 9571 4105
1911 3776 4995 3776
5817 4172 6527 4172
2717 3302 5513 3302
3115 2436 4692 2436
1083 3850 5153 3850
2233 3729 2800 3729
7335 1486 8224 1486
6195 2352 8539 2352
3117 4147 5236 4147
3381 2547 4523 2547
847 2871 9359 2871
174 2857 8821 2857
2513 653 9010 653
1345 3079 1456 3079
4443 1586 7246 1586
5612 4003 5704 4003
7239 2563 9164 2563
7576 4471 7659 4471
5405 2708 7924 2708
2075 2393 4328 2393
2554 4737 4407 4737
3566 916 9983 916
1290 3313 7713 3313
4973 4274 5352 4274
2297 4654 6797 4654
1040 3082 5935 3082
1684 3242 3587 3242
196 1423 788 1423
5478 2267 7253 2267
3201 1237 9848 1237
394 3583 6605 3583
2022 3542 6257 3542
3667 2460 6788 2460
5437 4260 9645 4260
6077 571 9611 571
2415 3319 7829 3319
1327 3488 9167 3488
1723 3142 6718 3142
3583 2045 5052 2045
851 105 6482 105
5593 4285 7933 4285
2598 4245 7031 4245
2946 3696 3077 3696
5338 1488 5583 1488
6225 994 8162 994
5137 1138 7931 1138
6868 2874 7448 2874
5461 4900 7717 4900
1038 3888 6402 3888
6229 1231 9461 1231
4053 1029 9671 1029
3692 395 5676 395
2610 3866 7903 3866
3297 2538 8386 2538
4832 1039 6601 1039
6147 1008 6485 1008
1167 4234 3291 4234
3458 3243 9129 3243
7501 2270 7803 2270
7045 4992 7800 4992
3911 478 7611 478
3039 1915 4680 1915
6973 3172 7770 3172
5474 1908 7827 1908
6718 373 7124 373
725 2994 5967 2994
4988 3245 9510 3245
2514 632 9278 632
8714 3565 9130 3565
1940 1172 3031 1172
1751 2473 7080 2473
5518 935 8090 935
1697 4018 4271 4018
3457 3062 7032 3062
1229 488 1591 488
2209 1051 9340 1051
1766 2110 4227 2110
2492 3747 5227 3747
1854 1041 5370 1041
1738 45 2082 45
6393 1638 9971 1638
6974 4546 9169 4546
5649 4540 8367 4540
825 4001 9669 4001
1246 4788 9006 4788
6316 4797 9983 4797
438 3362 6320 3362
8144 4190 9243 4190
3229 4184 9943 4184
7573 1179 9150 1179
3495 2100 9705 2100
3088 2484 7900 2484
2902 4151 4955 4151
2252 678 9480 678
9032 2317 9244 2317
648 654 2482 654
3192 1073 8815 1073
1904 1323 3505 1323
271 1810 6896 1810
4625 4865 6703 4865
3291 2973 8361 2973
1265 4840 2688 4840
7176 938 9718 938
2136 2923 4241 2923
2486 817 4369 817
3033 2500 8669 2500
686 4195 2108 4195
6892 4417 9383 4417
4102 3040 8366 3040
6376 2320 8658 2320
715 1871 2964 1871
2021 4192 8689 4192
1145 2456 3424 2456
128 4075 1209 4075
2572 631 6059 631
379 3750 8682 3750
352 3015 3074 3015
2950 4391 9329 4391
6830 4642 9090 4642
5546 4046 6622 4046
1201 2390 4099 2390
5136 2176 7910 2176
3968 4535 9179 4535
1548 4939 4210 4939
2786 3875 7043 3875
8203 3364 9800 3364
5045 1754 6789 1754
304 510 6668 510
3100 132 3610 132
6006 4639 9058 4639
2277 734 2652 734
1980 49 2595 49
2180 4864 6086 4864
4174 773 6464 773
5346 3755 9983 3755
7566 2088 9913 2088
3953 1005 4738 1005
3253 219 7258 219
1892 3045 6573 3045
1566 4375 9123 4375
2717 2395 3537 2395
1267 1391 1914 1391
5513 1240 8777 1240
4063 4530 8226 4530
4365 259 6495 259
8171 296 9325 296
543 2910 1302 2910
8803 4145 8925 4145
2124 360 6691 360
1306 2866 7358 2866
1193 2830 4025 2830
3458 4392 9320 4392
77 985 1866 985
6206 1976 7310 1976
645 3061 5290 3061
1295 2955 1952 2955
138 933 8748 933
7686 1065 8015 1065
3307 3053 6708 3053
3043 2604 4739 2604
7452 973 9908 973
2260 4265 7909 4265
1573 4492 7384 4492
1796 2011 3895 2011
777 1256 8119 1256
1864 3528 2588 3528
13 4257 1409 4257
2639 107 5818 107
1336 4121 1897 4121
6073 2323 9525 2323
6363 3238 8746 3238
900 185 7558 185
1406 4008 7323 4008
6640 532 8240 532
3632 1077 9572 1077
766 488 2040 488
2941 1794 5091 1794
1654 113 4756 113
5324 4757 6173 4757
2273 207 2410 207
3002 2151 7580 2151
2440 3888 9613 3888
3955 2026 8294 2026
5521 3884 6181 3884
2868 3135 5416 3135
4563 446 8587 446
3130 2837 3414 2837
3250 2702 9522 2702
2157 4544 5930 4544
1634 2300 8156 2300
8909 1469 9986 1469
2271 4957 8844 4957
4869 835 9776 835
6486 498 8683 498
9420 1519 9791 1519
5512 1498 6250 1498
2743 4930 3389 4930
2220 4005 6252 4005
6493 980 7138 980
1856 4054 5575 4054
431 3108 7549 3108
144 270 8199 270
5174 4251 9600 4251
8699 543 8761 543
2724 834 9837 834
2782 2887 5275 2887
3379 4978 9381 4978
4647 3016 6624 3016
696 2544 1390 2544
825 422 1210 422
3274 879 6545 879
1964 4448 9107 4448
5616 3681 6592 3681
1820 3736 9028 3736
8803 1618 9440 1618
7724 1974 8194 1974
4344 3185 6760 3185
5051 1155 7291 1155
1440 1760 2817 1760
2842 3852 3212 3852
635 555 4976 555
1565 1051 3325 1051
6311 2479 7505 2479
4038 4230 9168 4230
2376 3701 3274 3701
5961 1884 8525 1884
1875 1169 3124 1169
4715 4159 9284 4159
684 3929 5510 3929
3582 244 7626 244
843 380 3643 380
6600 3908 8210 3908
4678 3619 6612 3619
508 4680 1091 4680
3916 3748 7776 3748
4068 2809 8717 2809
8671 2017 9505 2017
2760 1006 4536 1006
4573 2569 5139 2569
7701 2525 9584 2525
1133 1055 7088 1055
195 522 4627 522
1119 2828 6738 2828
47 666 5391 666
1050 996 1632 996
6388 1906 8389 1906
898 4672 2265 4672
3616 171 9182 171
3252 1149 5081 1149
2838 4163 7531 4163
6196 2032 6266 2032
1153 2102 2600 2102
2911 2201 7744 2201
7641 1240 9233 1240
512 181 7339 181
8861 887 9813 887
7958 3348 8452 3348
2763 4527 9166 4527
4484 1027 7765 1027
5418 1178 8186 1178
5175 581 6090 581
1 3622 2013 3622
7095 3389 8119 3389
1779 3562 3517 3562
1355 4481 3827 4481
5816 1695 7485 1695
694 2937 9790 2937
3886 2146 8263 2146
2876 2332 8982 2332
4619 891 6371 891
2982 2511 4709 2511
3008 3502 4322 3502
5527 4307 7592 4307
2235 2255 3863 2255
6234 413 8329 413
3042 1399 9112 1399
2460 554 7956 554
3971 270 7415 270
2101 1939 3257 1939
3307 2676 6684 2676
1802 3225 3291 3225
1577 2592 9346 2592
5167 3144 8806 3144
4262 3092 4505 3092
5561 2613 7712 2613
190 1838 3529 1838
6983 1143 7946 1143
7873 4921 8733 4921
5004 1536 5537 1536
202 445 7653 445
5222 3134 8958 3134
5481 2720 8538 2720
111 837 8955 837
1587 662 3413 662
1627 2064 8002 2064
5170 2616 6333 2616
323 960 1975 960
5137 1422 9093 1422
6077 681 7552 681
4249 2049 9309 2049
8050 4950 8294 4950
707 3033 1907 3033
4915 2047 9102 2047
3387 3135 4313 3135
4989 363 9353 363
4209 3466 5066 3466
2571 1902 8986 1902
2749 425 9946 425
8014 2050 9689 2050
765 1012 4103 1012
6249 4215 9914 4215
1021 3677 5374 3677
1988 2262 6009 2262
2151 2447 8343 2447
3225 3799 8206 3799
4309 2194 6062 2194
2094 819 7673 819
6636 294 7696 294
3934 629 8834 629
4023 1348 5113 1348
4961 3267 6408 3267
6579 4057 9875 4057
5279 4739 8747 4739
7133 4392 7822 4392
1834 963 5875 963
1285 4898 6802 4898
6669 349 7858 349
6631 4545 6652 4545
2204 111 4108 111
1243 2743 8289 2743
1897 2163 3222 2163
5294 1349 9575 1349
6007 1211 9329 1211
2074 4385 4283 4385
3219 50 7858 50
702 4305 2334 4305
1397 122 7568 122
2382 1574 6693 1574
4447 3035 5776 3035
1035 4118 1086 4118
4613 3958 5223 3958
383 4957 9373 4957
1022 1350 1327 1350
1187 3358 4079 3358
3260 3850 4542 3850
1334 1642 8419 1642
9021 4493 9944 4493
890 2713 1148 2713
2100 3244 8211 3244
5619 3864 5871 3864
3484 1220 3878 1220
3843 1691 7479 1691
70 625 9402 625
2417 4923 9965 4923
7182 1728 7946 1728
2582 2728 7730 2728
2647 4639 5637 4639
3641 1950 6112 1950
6870 4658 7951 4658
1779 2587 7664 2587
4766 3120 9972 3120
2693 2237 6157 2237
4677 508 4958 508
3293 2746 5461 2746
690 2771 3350 2771
3041 3138 5943 3138
1137 915 5218 915
1649 2826 8732 2826
1211 317 4893 317
6822 4627 7939 4627
3041 3045 5562 3045
6750 1000 8115 1000
5554 2702 9700 2702
3535 2541 5292 2541
2651 2339 9492 2339
3915 2832 3920 2832
3827 400 9777 400
8170 805 9274 805
5978 393 7914 393
764 1056 7354 1056
5546 4022 5972 4022
1717 1880 3110 1880
774 158 2777 158
4399 3046 5694 3046
2152 910 5329 910
3126 3631 3997 3631
5983 4656 8504 4656
2122 4699 2682 4699
1327 4190 9842 4190
3198 3798 8344 3798
2874 258 7752 258
1692 4147 4218 4147
6916 3940 9981 3940
1127 114 4099 114
3023 4632 6155 4632
7603 4522 9507 4522
4072 2577 5074 2577
4571 2360 5469 2360
7021 4035 8497 4035
784 3413 8907 3413
4473 970 5588 970
1832 4284 4236 4284
1071 1791 2258 1791
5575 2367 9002 2367
2433 2185 4953 2185
2942 3648 5956 3648
9261 1560 9689 1560
7546 2893 7905 2893
8549 2118 9667 2118
8723 3214 9184 3214
5764 3613 8079 3613
300 2133 8709 2133
847 2337 1446 2337
3376 3978 5928 3978
4976 4615 5120 4615
4993 1513 8649 1513
861 1604 4857 1604
3625 896 8585 896
2036 4656 5347 4656
760 2724 9814 2724
8754 4797 9406 4797
3668 2367 8421 2367
747 851 3843 851
4935 1237 7505 1237
5085 3388 5956 3388
2127 834 4191 834
381 4181 6059 4181
261 3884 6243 3884
30 1684 3912 1684
1566 4882 7111 4882
1377 727 6581 727
1766 1017 8172 1017
5992 722 8011 722
3640 377 9040 377
8863 4534 8951 4534
2534 1091 3529 1091
7433 1021 8423 1021
2762 1219 3062 1219
2642 1254 4944 1254
283 3158 8490 3158
1948 2383 8227 2383
339 2517 1216 2517
6977 2223 7237 2223
6276 4934 7461 4934
3145 2653 5278 2653
3737 4711 4277 4711
5321 3230 8059 3230
1661 2178 6253 2178
2123 167 4597 167
127 705 7532 705
3613 4408 4114 4408
6978 1950 7272 1950
5880 3866 7127 3866
6206 2798 6253 2798
895 3902 9537 3902
478 4382 8404 4382
3715 1765 8725 1765
516 4899 772 4899
2111 1373 9433 1373
3064 1887 5591 1887
2936 4991 8543 4991
1442 3269 9896 3269
8152 3132 8285 3132
1416 4605 5778 4605
2538 426 9458 426
596 85 4566 85
167 264 1416 264
3052 2748 8081 2748
1210 711 6906 711
3054 2802 8371 2802
7931 4023 8374 4023
2282 1862 4170 1862
2947 1729 5009 1729
108 1765 5085 1765
7724 1129 9526 1129
4371 4501 7944 4501
5975 2638 7938 2638
854 4361 2332 4361
5226 4565 7423 4565
3518 2590 8411 2590
3915 1318 9824 1318
458 4082 3246 4082
1769 3930 6196 3930
2010 2643 2168 2643
7508 1118 9214 1118
1281 354 5422 354
5289 829 8483 829
5082 2353 8401 2353
5432 4727 8509 4727
3278 1495 7965 1495
420 4227 8986 4227
3066 3168 4197 3168
4591 3306 9949 3306
7788 4398 9387 4398
633 4681 6547 4681
6014 2178 8141 2178
5449 1234 7283 1234
6162 1501 9167 1501
2490 1836 3048 1836
3534 3799 4905 3799
1181 4700 9836 4700
3012 89 4759 89
1438 3373 8634 3373
3997 2174 8764 2174
551 2399 9055 2399
3410 2037 5430 2037
6385 1052 9055 1052
5710 1767 7311 1767
4839 2328 9641 2328
7337 1306 8147 1306
5523 3514 6777 3514
2697 4472 4547 4472
3015 2492 6965 2492
1254 2924 7456 2924
8276 507 9285 507
7655 2387 7822 2387
2941 2419 5116 2419
2092 284 5416 284
2915 3521 7272 3521
3709 4141 5955 4141
2377 3648 4140 3648
1819 1859 6599 1859
4586 4284 5297 4284
4495 1509 5406 1509
8794 1366 9217 1366
2022 3557 8363 3557
2560 2905 8656 2905
2791 937 5174 937
2227 2120 9241 2120
1477 1740 6187 1740
6638 3146 7967 3146
1870 189 2946 189
2031 4483 7861 4483
834 2812 5053 2812
831 3551 7392 3551
6907 4238 9063 4238
6884 2734 8734 2734
4790 1432 7686 1432
1840 304 4177 304
78 2907 6054 2907
4490 2371 4505 2371
7165 1862 8512 1862
3106 3656 9888 3656
2994 4408 9108 4408
4019 4022 4412 4022
1011 441 7639 441
897 4037 8473 4037
1088 4887 3101 4887
7021 1298 9271 1298
698 3276 5166 3276
1568 952 4863 952
2792 2077 7968 2077
634 112 2856 112
249 3501 7504 3501
1786 4775 9556 4775
3212 4322 7323 4322
881 651 5921 651
2408 3813 6552 3813
249 4635 4931 4635
842 4792 9896 4792
2813 724 8101 724
3744 3171 8587 3171
1884 2782 3861 2782
547 1423 3237 1423
5786 552 6955 552
545 1068 6929 1068
3381 1643 4384 1643
2693 2357 7893 2357
3721 332 4844 332
26 4339 968 4339
8705 348 9258 348
4889 1199 7569 1199
1793 1046 7190 1046
307 2011 4831 2011
281 2247 6784 2247
786 4457 6581 4457
528 3266 6540 3266
3847 419 7243 419
1179 186 9516 186
4651 3163 8171 3163
2215 2399 6605 2399
1803 1818 5596 1818
509 2514 2121 2514
1157 1024 4305 1024
2940 4074 6364 4074
2149 4828 7555 4828
3959 4213 7479 4213
8962 3039 9529 3039
65 3449 3099 3449
6640 575 9029 575
3397 4095 9557 4095
157 4230 246 4230
2582 4524 4520 4524
1847 1838 6343 1838
1733 2863 5049 2863
4222 4614 9215 4614
3382 2402 4246 2402
4254 125 4869 125
3732 1593 8384 1593
617 3312 7944 3312
198 3884 4326 3884
4138 554 7019 554
3802 3955 3957 3955
90 2813 7797 2813
8348 1115 8512 1115
1489 3169 5519 3169
4363 4771 8639 4771
1629 3142 3977 3142
3878 2648 6236 2648
4966 4725 5782 4725
7462 4612 7697 4612
3639 2532 9451 2532
1628 4343 9316 4343
1819 4718 8391 4718
2703 4741 4667 4741
3337 2923 7530 2923
959 2771 2371 2771
4852 2833 8127 2833
2185 578 6028 578
805 3985 7001 3985
2600 2139 5514 2139
5218 1862 7590 1862
6076 2004 8467 2004
1983 3614 6747 3614
1332 3361 3810 3361
7212 3811 9148 3811
4874 511 4961 511
683 1405 3239 1405
5500 3591 9067 3591
8513 2115 8879 2115
4816 3183 7352 3183
420 1404 6557 1404
5286 448 8393 448
4415 4209 6699 4209
645 1595 5200 1595
5130 1980 6622 1980
7663 72 9486 72
3654 2485 9751 2485
1592 3831 6850 3831
4749 3626 9063 3626
9060 722 9477 722
1275 91 2800 91
4337 4044 4509 4044
336 3419 4387 3419
2415 417 2503 417
5023 2552 5124 2552
5012 3970 7275 3970
6174 1020 9152 1020
6743 664 6818 664
814 3474 3064 3474
3842 4241 3899 4241
1251 1702 2640 1702
4911 3801 6862 3801
1175 158 5246 158
343 3760 9897 3760
6894 60 7514 60
6255 2456 7457 2456
3196 3329 5260 3329
1573 357 5505 357
195 3756 6307 3756
424 298 4168 298
516 526 9536 526
1322 4060 2607 4060
3788 2998 8079 2998
4518 370 8987 370
4731 3028 7658 3028
7922 2492 8786 2492
5985 4955 6265 4955
823 1177 4492 1177
3740 257 8676 257
180 2511 4943 2511
3997 4207 4577 4207
1463 2077 6791 2077
6097 3238 8903 3238
273 1967 4731 1967
505 980 9263 980
552 1649 9596 1649
2278 4968 5556 4968
2107 2863 8002 2863
2590 2564 8534 2564
5200 3555 7461 3555
5475 4821 5520 4821
1309 2219 3944 2219
1533 2832 2027 2832
7240 3009 9067 3009
1497 1675 4412 1675
2778 3546 8129 3546
2370 4475 7656 4475
7038 1672 7274 1672
3927 493 8666 493
9255 2954 9418 2954
3434 2614 9293 2614
3619 1415 6008 1415
4445 4249 6362 4249
5153 2322 7978 2322
1579 2755 2579 2755
6560 4515 8487 4515
1739 4414 4669 4414
2738 1525 6971 1525
4142 1715 7280 1715
3977 1708 8057 1708
5242 117 7493 117
1465 866 8336 866
2369 2386 4381 2386
1410 119 9829 119
7567 4051 8635 4051
904 562 2946 562
5059 2629 8123 2629
2810 1183 8167 1183
3668 4921 6067 4921
3985 2288 9727 2288
4996 1773 9310 1773
1178 3906 8004 3906
5705 3116 7996 3116
536 4091 6808 4091
3647 93 6749 93
7621 2782 9810 2782
2430 4992 3611 4992
2426 2543 9145 2543
2363 3309 3802 3309
8140 775 8179 775
6570 4501 9226 4501
310 224 5324 224
1894 3875 6162 3875
6267 1877 9594 1877
2887 860 4396 860
6460 999 9761 999
5665 516 8556 516
394 4913 9140 4913
3936 1787 9388 1787
4732 2556 6645 2556
9364 1564 9459 1564
4494 4404 8971 4404
1160 2527 9786 2527
8610 466 9538 466
3941 1399 8929 1399
2302 1377 7639 1377
6371 1372 6546 1372
6357 2925 7890 2925
2928 867 5699 867
528 119 6918 119
526 4524 2973 4524
8952 1739 9263 1739
1887 2207 6105 2207
3372 661 9948 661
8996 661 9905 661
2598 4171 7696 4171
2162 2174 3176 2174
1844 2852 2343 2852
5095 2342 7983 2342
762 497 9256 497
2131 3285 5171 3285
4757 189 4834 189
376 4400 1708 4400
1342 3807 2082 3807
3506 4280 3743 4280
2996 2939 8324 2939
5631 4410 5904 4410
730 4373 6603 4373
856 3764 7876 3764
7493 2742 7595 2742
2066 1998 6567 1998
1287 286 2670 286
2801 4766 5111 4766
5384 3484 6025 3484
2707 386 9825 386
6727 1065 9076 1065
773 4809 7264 4809
6042 2103 7888 2103
4296 3312 8554 3312
1385 2738 3333 2738
2776 4200 4009 4200
1941 2977 6407 2977
2417 2783 5294 2783
1948 1501 4797 1501
4373 2459 5275 2459
3518 3683 3806 3683
1587 769 3732 769
5302 2057 9210 2057
3869 2216 8776 2216
1284 4606 3061 4606
1305 2544 4130 2544
3597 2179 6259 2179
9278 3582 9471 3582
4678 1290 7484 1290
3657 2290 4266 2290
2961 331 9082 331
4915 2053 9834 2053
50 1373 2752 1373
2676 4581 8180 4581
8207 817 8448 817
5982 2419 7981 2419
1230 1196 4663 1196
2316 4332 7778 4332
1345 2048 2881 2048
509 4874 9578 4874
1671 296 6419 296
5779 202 7048 202
534 3869 5593 3869
5003 2284 9400 2284
1524 851 7732 851
932 520 4041 520
493 3161 1117 3161
7380 1342 8790 1342
423 4524 5676 4524
6606 4692 8848 4692
673 3202 8310 3202
8778 2117 9350 2117
621 1755 7738 1755
1209 3779 4840 3779
540 1520 8754 1520
1041 1158 7853 1158
235 1545 5741 1545
6089 3149 9816 3149
6331 2097 8016 2097
72 2996 9520 2996
2421 3738 3226 3738
452 696 4117 696
4821 4397 7545 4397
2034 2570 4332 2570
314 3300 9064 3300
7044 1463 8313 1463
7927 1701 9288 1701
2139 2872 4418 2872
5431 1476 9127 1476
318 1 605 1
2581 3663 6752 3663
877 1249 9319 1249
5309 2216 7275 2216
3554 1264 9244 1264
2444 4143 8643 4143
2927 625 5616 625
6571 1877 7640 1877
252 3064 3258 3064
688 1331 4048 1331
2386 2023 3874 2023
5066 4760 9906 4760
2689 3922 2782 3922
5469 41 6008 41
7704 3223 8277 3223
594 3086 4202 3086
6430 2441 8316 2441
231 3769 4543 3769
3199 3543 4430 3543
1095 3941 1775 3941
2702 4617 7872 4617
8576 1060 8795 1060
4628 1188 8177 1188
2399 1941 2415 1941
342 823 6820 823
214 506 8720 506
4358 1252 5071 1252
2508 1813 2530 1813
10 4624 8737 4624
6343 1853 8662 1853
6173 1768 9817 1768
964 1460 4726 1460
5935 1309 6427 1309
2521 4341 4788 4341
2492 3402 4295 3402
3553 4088 3582 4088
649 1614 6254 1614
4974 3351 8169 3351
598 4185 5448 4185
3260 3861 5320 3861
2687 1866 5563 1866
375 4768 7350 4768
1576 491 3397 491
4134 3091 6009 3091
2474 3945 4729 3945
5666 1903 7541 1903
5623 4258 7931 4258
652 2685 1502 2685
1915 2103 8807 2103
4867 1765 9200 1765
574 4293 2389 4293
596 1923 1737 1923
717 2850 6442 2850
1533 992 5695 992
1351 347 9201 347
7115 3015 9171 3015
4744 4506 9074 4506
393 1438 3676 1438
2345 3847 3121 3847
997 2456 4960 2456
59 3134 8672 3134
4234 296 9678 296
3057 3959 5402 3959
4860 4613 8241 4613
6434 2484 9257 2484
1937 2351 3343 2351
3252 943 8548 943
3568 2990 3689 2990
1180 2764 8482 2764
3381 676 3864 676
1106 1757 5425 1757
3468 2710 6585 2710
1795 3029 5013 3029
3191 2068 9964 2068
3875 3124 9744 3124
2553 4315 3953 4315
4786 2606 7105 2606
3554 3645 6268 3645
4574 363 6682 363
2440 1844 3108 1844
673 3444 7797 3444
939 2559 1236 2559
992 705 6712 705
2421 517 6497 517
1519 744 2950 744
6533 1515 6793 1515
870 357 5282 357
478 4330 2130 4330
2428 2050 8846 2050
1043 2822 1222 2822
2555 1908 7008 1908
4439 2515 8038 2515
4058 3646 8773 3646
101 1055 5417 1055
849 4516 7659 4516
2029 1697 3106 1697
3539 897 5179 897
1302 4518 8536 4518
6148 4171 9564 4171
535 705 1521 705
4224 4804 8606 4804
1250 3826 2305 3826
1591 1490 7095 1490
401 2958 6562 2958
814 1931 4310 1931
685 3484 6985 3484
1420 711 9345 711
7356 49 8716 49
7161 4935 9755 4935
3651 722 7413 722
6856 3256 8381 3256
3829 920 3993 920
8006 3697 8592 3697
1701 30 9747 30
1227 4579 4013 4579
2303 970 7497 970
1928 2757 3462 2757
5974 1254 8226 1254
4396 3733 6657 3733
3995 4612 7242 4612
230 4626 7596 4626
4478 4290 5107 4290
3048 1244 4280 1244
8656 3214 9167 3214
3759 346 8298 346
7538 1523 9508 1523
2081 1758 4307 1758
5407 133 9469 133
3052 1030 4413 1030
2736 1682 6305 1682
1296 1225 2648 1225
2863 2282 9834 2282
3691 1328 5679 1328
1513 4119 7378 4119
3823 999 6698 999
5718 4044 6668 4044
2646 1563 7314 1563
375 1801 9628 1801
4305 2086 5363 2086
2739 4179 2940 4179
3647 2836 4653 2836
3955 2643 9494 2643
1803 3132 3024 3132
4853 1402 7374 1402
8582 2828 8967 2828
5684 4300 8339 4300
2433 3064 5761 3064
7454 3794 8866 3794
7113 2315 7714 2315
5282 1982 7807 1982
2415 2221 3017 2221
1540 2941 1745 2941
7175 3073 8029 3073
2914 917 6855 917
2123 2789 8961 2789
1567 2916 1700 2916
4361 918 6291 918
4440 3485 7869 3485
2478 4540 4394 4540
3263 1546 5578 1546
3338 4046 8055 4046
4933 2514 6011 2514
2459 1759 7969 1759
1033 2309 6506 2309
8209 4194 9204 4194
8705 2406 9255 2406
1714 818 5703 818
843 4916 3320 4916
3425 1431 5906 1431
18 832 6518 832
1549 1869 2824 1869
5973 4600 9764 4600
341 255 9664 255
3231 3509 8837 3509
2637 4491 9947 4491
1485 2269 4921 2269
493 582 6971 582
1497 1459 8676 1459
6173 2826 6420 2826
9320 251 9727 251
3542 3857 7822 3857
2741 3615 4086 3615
1820 2893 4802 2893
5995 824 9655 824
6667 208 8755 208
4491 2687 6427 2687
2290 1527 3904 1527
3497 3889 9293 3889
1010 1095 6764 1095
3023 2924 5102 2924
42 943 1080 943
2494 1933 8591 1933
9205 1252 9820 1252
5468 3083 5542 3083
1456 2704 8173 2704
309 1983 5405 1983
5677 4500 8386 4500
792 3085 6389 3085
1440 3164 7743 3164
2601 3125 8252 3125
1650 4012 8205 4012
3193 1646 7658 1646
1967 4161 4486 4161
2255 1749 3769 1749
2720 1359 4457 1359
3342 3528 8828 3528
739 2900 2305 2900
3799 3675 8344 3675
1606 2725 4526 2725
3443 1538 4377 1538
788 1971 3805 1971
399 3415 9265 3415
5050 4336 5275 4336
2339 854 2837 854
3784 2303 5703 2303
179 4458 5053 4458
6054 1421 9784 1421
5332 3684 7169 3684
2161 367 2637 367
1399 493 9537 493
353 4939 5581 4939
5496 398 6029 398
4942 1710 4967 1710
3284 2020 3912 2020
3080 11 4230 11
3296 2170 8274 2170
3919 1360 5365 1360
2619 753 7892 753
5127 1677 6045 1677
51 138 3282 138
2576 371 9060 371
1440 3676 8056 3676
7542 2404 9594 2404
8897 3237 9155 3237
1511 576 6778 576
4319 2898 4963 2898
1046 4610 2999 4610
1270 3641 1930 3641
4396 1387 8965 1387
24 825 833 825
5653 3564 8499 3564
623 3133 7345 3133
186 4875 5153 4875
1459 3271 3358 3271
7481 13 8945 13
6374 2487 6478 2487
999 2729 7180 2729
7863 775 8013 775
95 657 4123 657
1629 1255 9229 1255
1310 607 8574 607
3995 4089 6075 4089
3185 987 6432 987
797 274 4722 274
3058 2497 9815 2497
3938 4121 8051 4121
389 1175 4896 1175
5707 4397 6617 4397
2782 3505 3030 3505
1125 1968 8336 1968
2499 2668 3179 2668
2460 4412 7245 4412
8275 1888 8842 1888
5304 4418 8689 4418
2107 2004 8727 2004
2797 4076 7048 4076
6432 1100 9227 1100
1276 807 6420 807
4997 1468 8298 1468
3473 1010 9099 1010
4555 1631 8975 1631
1369 3614 4917 3614
4004 3927 5916 3927
3564 4416 4270 4416
655 4160 2809 4160
2037 773 5621 773
4500 1235 6620 1235
6488 250 7749 250
2045 432 6393 432
5379 1470 7292 1470
1652 4979 3625 4979
3001 4733 7877 4733
54 198 9451 198
6111 1064 9069 1064
2175 4476 8525 4476
3507 3855 6913 3855
185 2267 4938 2267
6549 1581 9165 1581
8742 363 9925 363
2947 3881 5465 3881
2907 257 9755 257
561 1404 9913 1404
3582 1435 8193 1435
418 343 8076 343
2071 2438 6930 2438
4055 274 7044 274
5979 353 6629 353
3485 4346 5142 4346
2927 831 2980 831
546 385 9596 385
6848 2809 9302 2809
6542 3696 7354 3696
5256 2401 9776 2401
872 2106 4927 2106
6034 3118 8057 3118
5978 291 8403 291
2854 3722 8891 3722
4364 850 7104 850
2902 3934 4703 3934
1053 504 8592 504
7593 727 7835 727
1305 3601 4730 3601
1096 968 5543 968
5900 788 6833 788
3457 3333 7798 3333
9105 985 9508 985
532 2517 3396 2517
4905 1395 5482 1395
2197 1339 3467 1339
83 1493 4853 1493
3859 1759 5971 1759
8934 3832 9376 3832
2612 3182 3995 3182
2802 431 9792 431
4753 4233 5532 4233
181 12 1938 12
7452 3659 8923 3659
8621 4954 9007 4954
1345 4881 9897 4881
160 2008 2415 2008
27 1298 8558 1298
2045 1498 7512 1498
7803 1209 8611 1209
352 283 5078 283
5266 3059 9660 3059
875 2706 9459 2706
3973 1112 4388 1112
432 2597 2532 2597
5329 3962 8827 3962
2865 2112 4663 2112
1176 3788 2261 3788
5465 3057 8420 3057
6087 3355 9056 3355
510 4758 5195 4758
5057 2529 6574 2529
4641 360 7362 360
555 256 7385 256
2576 3254 5897 3254
4410 3555 9676 3555
2825 4530 4510 4530
1708 2077 8899 2077
6313 3869 6763 3869
1071 3384 4322 3384
2195 4920 3974 4920
461 2291 8877 2291
6829 461 7154 461
3599 3486 9193 3486
3718 4253 4150 4253
2476 4791 9109 4791
4705 4089 9271 4089
6393 2299 6472 2299
4725 2938 8686 2938
4839 628 5390 628
737 3744 3506 3744
2614 1353 8965 1353
1669 102 6707 102
8924 2560 9268 2560
7203 2540 9084 2540
2782 590 3455 590
57 519 2623 519
1213 2268 9053 2268
1880 3172 3302 3172
2183 994 6720 994
3596 1839 3610 1839
7109 1157 7361 1157
318 740 8121 740
2310 912 9003 912
9155 1283 9427 1283
1072 3750 9526 3750
3258 3257 4539 3257
3819 676 6177 676
1833 4598 8700 4598
1936 3868 2028 3868
465 1013 6414 1013
1123 2566 1982 2566
297 124 7886 124
455 4268 7079 4268
4914 2908 5765 2908
3564 1989 7007 1989
7545 3017 9278 3017
7232 146 8898 146
1527 1604 4034 1604
5829 2597 9781 2597
5021 1621 6772 1621
172 2410 2431 2410
4467 4436 6939 4436
5284 3088 9296 3088
7894 978 9811 978
7134 2203 9250 2203
2068 2839 7718 2839
6290 1490 6728 1490
534 2636 9599 2636
4122 4554 5192 4554
3137 1020 5431 1020
1272 1430 2258 1430
3855 4086 7950 4086
4704 750 7791 750
6317 2568 8671 2568
3553 752 6669 752
1512 3152 3195 3152
8013 3436 9433 3436
3138 4360 6914 4360
4058 714 6469 714
1129 913 7259 913
1940 2768 9048 2768
6260 900 9234 900
2992 2142 5580 2142
3537 4046 7596 4046
1010 4740 2716 4740
509 851 3240 851
4250 1262 9865 1262
510 3253 8840 3253
4594 3532 7245 3532
3156 4612 6533 4612
3412 2924 9964 2924
8424 34 8949 34
2905 288 6535 288
983 1760 5352 1760
426 4722 9994 4722
1958 2819 4699 2819
1359 3412 5241 3412
1476 799 4496 799
6074 302 6973 302
2080 3629 7579 3629
5793 3337 6975 3337
364 1073 8200 1073
2751 801 6508 801
5862 772 9141 772
4785 4989 6697 4989
1660 2426 4678 2426
387 3973 9739 3973
5138 1546 9677 1546
4258 4360 4386 4360
3382 4896 7805 4896
2813 2190 3753 2190
745 2190 1676 2190
3137 915 5063 915
894 761 1163 761
3912 3550 9560 3550
1922 1793 7128 1793
749 1373 7128 1373
2136 3073 9456 3073
8060 1707 9948 1707
790 2093 4534 2093
7707 4924 9801 4924
8550 3549 9716 3549
2122 4482 9476 4482
5144 1818 6913 1818
4150 770 5271 770
5854 4697 8004 4697
872 3061 5282 3061
2448 3242 7305 3242
8294 4684 9174 4684
3013 4771 9982 4771
2894 2361 3032 2361
4918 4605 7324 4605
2735 3982 2795 3982
4011 2275 5411 2275
1093 4918 2553 4918
3912 3651 6779 3651
5418 1429 5690 1429
5957 52 7951 52
6003 2010 7132 2010
218 4047 5883 4047
1250 2147 4396 2147
192 4822 8583 4822
13 2352 3782 2352
7588 4051 7861 4051
1028 629 2209 629
5201 2127 8968 2127
2216 243 3653 243
1760 4535 1765 4535
6483 4405 6531 4405
8938 4451 9305 4451
1275 273 1954 273
1666 3343 8704 3343
5082 2407 7148 2407
5352 4669 8905 4669
4830 2327 7488 2327
5205 1788 7449 1788
5378 1979 8152 1979
1464 1149 8069 1149
8745 943 9960 943
1481 558 5564 558
3584 3502 5205 3502
2134 4033 5029 4033
7513 1930 8650 1930
2925 1335 3960 1335
3387 4456 3504 4456
5356 1260 9768 1260
6100 3738 6196 3738
653 2847 3787 2847
524 3406 1401 3406
5057 2046 8553 2046
4639 2311 7804 2311
7289 4840 9786 4840
4920 2690 6688 2690
965 1305 1896 1305
5975 4578 6566 4578
1458 1277 6689 1277
1041 1069 3171 1069
1736 3650 3802 3650
1146 2027 5417 2027
461 1349 8125 1349
6768 2744 9636 2744
4115 3748 8841 3748
1077 99 1347 99
1997 224 8962 224
3658 1284 5346 1284
8575 3806 9799 3806
4064 2122 9514 2122
5314 246 6214 246
635 3675 9738 3675
3107 1132 4480 1132
6849 965 9202 965
4665 4187 6022 4187
6715 4684 7760 4684
614 4250 9892 4250
2609 1818 7878 1818
2895 2638 7825 2638
4721 2158 4967 2158
1457 4544 8532 4544
1909 1781 9653 1781
5287 334 6294 334
4358 1208 9575 1208
536 2695 8724 2695
7395 4691 8643 4691
3001 1469 9828 1469
1171 865 2222 865
2120 1688 3326 1688
4183 4485 7314 4485
4155 3771 8904 3771
1498 2903 6156 2903
2582 3265 5608 3265
4848 2345 9513 2345
1944 557 8138 557
2797 464 5114 464
4698 3936 7478 3936
1165 2019 8391 2019
2304 2324 2589 2324
1267 2318 5167 2318
5769 3696 7831 3696
6747 3646 7482 3646
3637 2836 6246 2836
4723 3355 5746 3355
2788 4749 9240 4749
4816 3733 7251 3733
6998 1 7318 1
3687 1728 5110 1728
4437 3708 6946 3708
1201 1657 3642 1657
2443 3045 3421 3045
3168 1770 9182 1770
2214 2184 5716 2184
1870 1850 7449 1850
5052 158 7365 158
536 3899 724 3899
5598 2657 7114 2657
5091 3472 7733 3472
3901 4456 6948 4456
3248 4648 7133 4648
2186 1476 5200 1476
2300 4713 9188 4713
8594 1285 9987 1285
874 4224 1178 4224
618 1172 3188 1172
222 4824 6476 4824
1541 3994 9027 3994
5121 1938 8437 1938
1861 4640 7242 4640
5547 2263 9528 2263
2047 1980 6036 1980
3552 3588 8640 3588
1009 1980 4433 1980
1533 4736 8552 4736
7248 4901 9068 4901
223 996 9552 996
937 2242 8751 2242
3483 643 8056 643
4274 4407 9209 4407
2000 4475 7180 4475
6562 139 7413 139
287 16 9209 16
2495 2121 7238 2121
1909 2438 9255 2438
3008 721 3049 721
1312 4762 5266 4762
4325 3676 5839 3676
3477 3713 4964 3713
2578 3217 7970 3217
512 1987 931 1987
3630 3231 7075 3231
143 3954 2575 3954
324 2434 4604 2434
930 2009 3755 2009
671 993 6780 993
252 4732 5597 4732
3696 2635 7218 2635
1326 2727 8213 2727
2123 3537 9574 3537
729 2203 7255 2203
2952 341 8333 341
5945 158 8959 158
21 3124 8798 3124
4320 2147 9326 2147
8758 1950 9207 1950
2517 1219 5875 1219
1514 1787 1591 1787
7269 3774 7585 3774
6759 14 8494 14
2497 2065 9214 2065
2776 4308 5892 4308
5290 1573 9831 1573
4562 2015 6438 2015
6668 2061 9742 2061
1877 3773 5023 3773
8745 3896 9028 3896
2122 4906 5973 4906
105 4965 9373 4965
5230 2395 6786 2395
179 1237 7525 1237
6154 558 7575 558
6864 1900 9031 1900
2232 4541 2585 4541
8430 2499 9092 2499
3108 704 8902 704
3450 1847 9993 1847
3085 4061 5670 4061
6699 1581 9250 1581
6602 2737 6945 2737
4223 3292 7170 3292
1832 1400 5193 1400
5053 3290 5747 3290
7110 2704 8797 2704
1215 4166 6535 4166
373 4249 1942 4249
2629 1083 3530 1083
385 915 2551 915
1821 2353 8068 2353
2732 773 5214 773
889 3119 4951 3119
7136 214 9309 214
1174 1271 8907 1271
210 2844 4451 2844
4880 1493 9801 1493
5492 1040 9280 1040
2554 4763 7027 4763
1642 2071 9347 2071
4774 2249 7363 2249
3689 1924 6822 1924
4910 1492 4912 1492
304 2751 9061 2751
1566 4974 9573 4974
6080 4640 8058 4640
4131 2916 4148 2916
6736 1307 8871 1307
6679 4362 7754 4362
2715 3822 7358 3822
1337 3742 2516 3742
7336 1864 9607 1864
4895 161 7836 161
7029 244 7252 244
1595 3042 8159 3042
2244 1036 4280 1036
6539 346 7961 346
3623 140 6566 140
6298 446 9026 446
4551 1890 5290 1890
312 3737 5595 3737
6284 3973 6285 3973
7654 2781 8900 2781
2070 4894 6800 4894
5554 463 7530 463
4678 700 7879 700
6857 1522 9442 1522
2190 987 7238 987
2612 428 7403 428
2373 3120 8438 3120
2826 4063 3431 4063
587 3248 4829 3248
1994 3062 9347 3062
3203 1944 7368 1944
2912 756 6563 756
7938 296 7999 296
213 3920 3912 3920
241 2584 7913 2584
1140 2067 5753 2067
7238 1900 8304 1900
1424 2489 1425 2489
4573 2040 7103 2040
6226 278 6371 278
3209 3078 7315 3078
4754 3252 8232 3252
1763 4813 1764 4813
5320 286 7077 286
3558 4441 6143 4441
1187 1615 8149 1615
3322 217 7176 217
8091 722 9960 722
1048 194 4407 194
4449 2247 4510 2247
2034 1777 6981 1777
8273 2189 9120 2189
482 1338 7844 1338
6000 4136 6126 4136
6431 1332 6466 1332
6161 2804 6254 2804
7634 184 8604 184
2845 173 4589 173
2242 2368 9322 2368
5110 1417 8639 1417
3202 2342 3848 2342
2434 4748 7668 4748
1223 4354 6352 4354
566 2979 4047 2979
5162 1484 9300 1484
3872 136 9489 136
2344 4510 5252 4510
1342 519 3358 519
1183 4222 7080 4222
3057 504 4392 504
8574 2816 9138 2816
7379 4432 8186 4432
2172 861 3178 861
3162 2516 5111 2516
1101 520 8403 520
4235 1696 4239 1696
4373 2012 8465 2012
731 3043 1233 3043
527 1735 8462 1735
1335 3430 3885 3430
2617 101 9131 101
1405 135 7634 135
2206 1010 9630 1010
487 3229 3536 3229
3871 4776 9240 4776
7723 4280 9326 4280
2087 4196 7963 4196
1874 3308 6788 3308
1605 2828 7679 2828
5533 1334 6469 1334
1209 4959 5317 4959
1479 1931 2622 1931
5532 486 6702 486
6169 2747 7359 2747
6923 3838 9997 3838
1577 1455 6729 1455
1166 780 1627 780
8901 2787 8931 2787
2160 758 8437 758
4636 270 9669 270
633 4200 5365 4200
2231 2649 7906 2649
174 1364 7085 1364
2262 2518 2970 2518
6838 4121 7984 4121
1127 3616 2033 3616
3195 4669 8625 4669
525 2525 4547 2525
6428 794 9330 794
3597 1253 7311 1253
2090 1693 7817 1693
6445 891 9212 891
3130 4795 3622 4795
2300 3016 6405 3016
1302 2164 9734 2164
5150 3704 9265 3704
1942 4509 6794 4509
970 3077 5463 3077
6157 3748 6214 3748
7539 4149 9821 4149
3066 4537 3468 4537
37 4222 2708 4222
2120 959 8122 959
6583 678 9584 678
1552 2610 6642 2610
961 4754 1597 4754
3947 308 6290 308
6877 388 9568 388
2984 4014 6675 4014
4258 4385 9340 4385
3431 4590 7431 4590
110 2045 8948 2045
2702 1473 8512 1473
6494 1838 7898 1838
2454 524 8589 524
141 1162 6936 1162
3302 901 5894 901
3283 2070 6937 2070
8010 638 9588 638
1690 1130 3893 1130
1561 1037 1900 1037
6693 3709 7078 3709
2184 774 7549 774
2511 1832 4020 1832
960 85 9685 85
5158 1011 9327 1011
1114 1049 4749 1049
4831 1653 5177 1653
6322 1128 9204 1128
7662 2106 9814 2106
4934 2039 8210 2039
6243 115 7762 115
8450 4463 9301 4463
3302 1329 9917 1329
1032 2216 6419 2216
448 2079 881 2079
2777 1145 5886 1145
1118 532 2800 532
5595 4074 9621 4074
4593 1562 9358 1562
1559 1989 9905 1989
6013 4072 6776 4072
4269 1181 8807 1181
2694 4126 7403 4126
729 1108 7896 1108
114 2521 279 2521
3099 2513 3321 2513
2288 2399 3460 2399
1874 3154 3460 3154
430 3925 5207 3925
3757 4559 6941 4559
1781 4009 6237 4009
1438 4954 8077 4954
4266 1999 6449 1999
1100 655 7014 655
1482 2241 8562 2241
1506 2710 6579 2710
2426 1910 5223 1910
1435 542 9749 542
4668 2173 9189 2173
7294 706 8261 706
7961 158 9913 158
4128 3925 5512 3925
1202 4658 9518 4658
1463 4724 5996 4724
1276 1665 3792 1665
148 1778 8661 1778
241 2154 3654 2154
5869 51 6766 51
1377 672 2576 672
3535 833 3872 833
1855 270 9294 270
2557 965 4076 965
148 3667 8685 3667
108 3971 1307 3971
1521 2270 3143 2270
4407 3955 7703 3955
50 4790 3467 4790
2925 78 6266 78
6717 789 7708 789
1106 1709 7881 1709
7038 1764 8202 1764
5119 408 9950 408
2253 392 6854 392
751 910 5106 910
1145 4217 5138 4217
2292 4569 9639 4569
5917 977 6711 977
2965 4553 7938 4553
2072 2412 4953 2412
3983 25 6948 25
1260 3833 9365 3833
4583 4470 5088 4470
857 2889 9861 2889
6742 3376 9717 3376
5259 4157 5891 4157
2249 2805 5415 2805
4981 1343 9544 1343
1623 662 9692 662
9368 2440 9388 2440
364 1289 9295 1289
5974 4958 7748 4958
3207 1233 7969 1233
3017 4635 3312 4635
5553 1316 9598 1316
7560 2357 7692 2357
2473 1078 2697 1078
1966 2298 4010 2298
1428 2020 4676 2020
759 2923 7283 2923
354 768 5458 768
568 1643 9826 1643
5213 4108 8330 4108
1833 2162 2545 2162
3003 1704 5722 1704
3787 4987 7311 4987
1526 799 8645 799
419 4618 5722 4618
160 3687 6915 3687
5622 4150 9430 4150
540 1666 5870 1666
1215 2094 7617 2094
5738 2393 7191 2393
1936 1972 4218 1972
3688 2549 5906 2549
5411 327 5635 327
166 4520 614 4520
4750 2474 9886 2474
462 4388 8848 4388
2950 2448 6494 2448
4346 4204 6193 4204
2961 771 9212 771
5901 4352 9251 4352
1605 2743 7876 2743
2028 2723 9506 2723
1985 471 2045 471
4475 3864 8331 3864
3268 4263 9726 4263
1784 1256 3984 1256
1804 2943 2708 2943
2940 3001 6712 3001
1515 4647 8378 4647
3683 696 9420 696
2302 4230 5496 4230
2783 4149 5814 4149
9272 3832 9420 3832
1368 3653 7750 3653
4589 3761 6154 3761
1669 2443 9781 2443
6008 2623 8908 2623
8620 555 9908 555
5766 1685 9580 1685
177 2769 1311 2769
2783 2822 7100 2822
2850 2142 3381 2142
3497 2970 4855 2970
240 4934 717 4934
978 3399 1605 3399
7732 4506 8085 4506
923 1779 1157 1779
1541 837 9360 837
1900 2333 4495 2333
312 3042 4895 3042
2466 4457 9675 4457
3306 4693 8970 4693
4136 4591 5474 4591
1577 346 9356 346
3112 4413 7212 4413
609 135 9973 135
1861 3892 8166 3892
268 4093 6939 4093
1140 2494 6769 2494
4970 188 9693 188
4083 1630 7089 1630
9735 2838 9766 2838
4010 2389 9833 2389
669 2450 5100 2450
1393 1568 4405 1568
3385 89 6978 89
1512 374 9251 374
6804 589 6937 589
3389 2834 9357 2834
3451 1761 6994 1761
4144 3660 9384 3660
4167 3897 8985 3897
4862 4284 8468 4284
2921 3110 8175 3110
953 3808 1226 3808
3531 2557 7434 2557
4244 2463 6541 2463
108 1980 7627 1980
1480 2970 7848 2970
2724 4204 3118 4204
4799 2770 9409 2770
2616 3271 6745 3271
638 2733 9079 2733
1299 2371 1656 2371
91 2641 9954 2641
3429 4089 7194 4089
72 2076 8644 2076
5415 125 7947 125
1463 4006 2240 4006
7025 1907 7078 1907
337 1837 4395 1837
1030 2975 8656 2975
931 431 4571 431
2771 817 6365 817
2534 275 5239 275
4137 1646 6151 1646
494 3081 3720 3081
6591 1639 9858 1639
3945 2364 6708 2364
4315 808 5659 808
7080 2870 7504 2870
2521 3077 4804 3077
4456 2020 6994 2020
2688 3540 5570 3540
1315 905 8948 905
5178 2495 9940 2495
2240 745 5087 745
5466 4102 6185 4102
7048 4205 8842 4205
628 233 3014 233
3750 4628 3984 4628
1108 1120 7321 1120
1755 3511 2577 3511
6469 1437 8490 1437
1482 2465 1980 2465
7333 4321 9078 4321
1631 4660 1792 4660
80 3191 3628 3191
5623 906 9887 906
870 1023 8584 1023
197 378 1706 378
5172 2984 8282 2984
7536 3605 8169 3605
1250 4095 9569 4095
132 1709 5727 1709
7885 436 8803 436
5716 1548 6211 1548
4841 1908 5001 1908
3596 4449 8902 4449
4595 2530 7741 2530
2854 2690 9045 2690
3068 4275 7433 4275
1475 1888 2346 1888
3 2771 9441 2771
3671 339 7182 339
947 1986 4517 1986
1907 1924 3536 1924
7414 2152 8005 2152
9061 2070 9706 2070
3440 4660 5595 4660
1886 795 6295 795
3924 1851 9325 1851
8561 4218 9092 4218
4227 1500 9980 1500
2006 191 3184 191
130 2521 8151 2521
2324 4649 8932 4649
406 3900 3057 3900
4541 3352 6343 3352
1156 445 1933 445
102 2085 2915 2085
2923 4830 3591 4830
3724 3340 4882 3340
2845 473 6707 473
857 4034 4198 4034
5895 2954 7014 2954
350 3522 3765 3522
1042 2392 3798 2392
2903 1626 7444 1626
6492 3971 6980 3971
932 3988 9228 3988
4907 3927 5702 3927
3568 639 4973 639
2677 4079 4113 4079
1168 3210 8901 3210
1960 2784 4701 2784
7113 1929 8350 1929
1432 1326 1971 1326
4511 4112 9153 4112
3478 1713 4361 1713
1716 464 3877 464
551 4344 3179 4344
1824 1663 5957 1663
7339 231 9485 231
1326 4571 3322 4571
3922 4470 4960 4470
1457 3777 9010 3777
2313 1289 4323 1289
765 709 7717 709
6209 1531 9700 1531
6210 4586 9030 4586
5845 4565 6056 4565
770 1820 5158 1820
3228 3112 9178 3112
5659 4764 9005 4764
578 2992 2509 2992
4725 99 7184 99
6024 3905 9187 3905
1724 3298 4535 3298
4304 3684 9241 3684
4246 160 4274 160
592 3494 2634 3494
3683 3816 9186 3816
4784 812 8630 812
725 5 3216 5
1756 1459 9389 1459
5260 2242 8902 2242
2404 4611 5960 4611
1941 2878 3130 2878
6074 398 8566 398
2996 319 8796 319
2023 4747 9022 4747
3881 2189 5664 2189
2672 3360 9463 3360
3652 3696 9675 3696
1597 1224 9860 1224
2141 211 3383 211
3463 1589 5783 1589
844 4755 854 4755
4789 3137 6272 3137
3012 1595 9381 1595
6427 4976 8585 4976
3186 4513 7048 4513
709 1065 779 1065
2589 3079 7697 3079
517 1637 2847 1637
1475 2865 5852 2865
755 2186 6000 2186
1944 3422 8187 3422
2303 3038 8519 3038
2921 1754 5848 1754
1279 4741 8878 4741
4687 3247 4764 3247
8984 886 9831 886
4645 4591 9472 4591
4213 1365 7680 1365
2828 3048 4890 3048
5671 4799 8763 4799
2295 1619 2529 1619
1753 3597 7376 3597
4718 1103 5225 1103
440 4792 6090 4792
2644 474 4102 474
816 2461 5729 2461
3227 4711 4603 4711
4523 1344 5886 1344
1576 4934 4622 4934
3526 2240 5802 2240
2140 4160 8500 4160
4245 2531 9680 2531
2267 628 9001 628
79 1673 4873 1673
7234 4534 8391 4534
4414 1553 6172 1553
1057 4245 3202 4245
1548 3329 3060 3329
3147 4831 4333 4831
2022 4176 3121 4176
1807 1972 9475 1972
2121 3865 2359 3865
283 973 8759 973
852 1674 8255 1674
2318 1715 6792 1715
1045 2408 8083 2408
1886 2433 6025 2433
3798 3290 5097 3290
3861 2904 7736 2904
1914 2655 2510 2655
7614 4565 8383 4565
1269 177 6414 177
597 187 4938 187
1748 3812 2773 3812
3411 2857 6094 2857
4494 1126 6637 1126
657 2568 4189 2568
3633 1057 3761 1057
5299 2137 8197 2137
4079 76 6317 76
7883 3829 8255 3829
2793 1810 7883 1810
6910 3952 7540 3952
1145 2539 9212 2539
6645 3158 8409 3158
5410 3730 7709 3730
5892 3783 7291 3783
617 2728 1789 2728
2318 2758 7340 2758
1997 450 8857 450
866 3284 7846 3284
1500 701 7860 701
1057 1483 6849 1483
3529 792 3561 792
1576 205 7015 205
7145 4159 9166 4159
102 4887 580 4887
2265 3986 8792 3986
84 2569 5662 2569
4112 4361 9791 4361
5785 1003 6299 1003
5760 2883 9033 2883
518 3819 2443 3819
8275 437 9018 437
5245 1879 6305 1879
5035 2171 8879 2171
1544 731 6116 731
4002 2363 9934 2363
1559 1397 6546 1397
7688 1484 8279 1484
8193 732 9312 732
1218 3466 7225 3466
5004 171 7810 171
2397 3188 7826 3188
1017 3160 3428 3160
5473 4372 9011 4372
2971 4371 7836 4371
382 584 4827 584
6249 1042 8753 1042
1816 2517 7620 2517
1847 1158 3263 1158
7022 1863 7414 1863
768 4356 9825 4356
476 4047 8147 4047
2922 933 3020 933
4452 2313 8937 2313
3639 3952 3943 3952
2214 3927 8772 3927
3479 32 6132 32
2283 387 7717 387
4087 4622 5371 4622
886 500 5993 500
7730 4455 8335 4455
1218 4775 7140 4775
2086 4730 8516 4730
1505 1783 3918 1783
8468 1446 9268 1446
7175 3571 7770 3571
1537 4425 6274 4425
3593 3279 7044 3279
252 927 715 927
1063 2148 5806 2148
7220 1263 7731 1263
5269 3663 7980 3663
2527 1634 7974 1634
5947 17 9470 17
2869 2622 8854 2622
3568 1395 4874 1395
1362 1395 8285 1395
4354 3742 5105 3742
2171 2003 6966 2003
183 3658 5241 3658
2600 1988 2646 1988
1592 1909 8277 1909
2540 437 9295 437
1523 3926 3550 3926
4015 680 4875 680
290 4539 7808 4539
5036 4654 8983 4654
179 968 6472 968
3174 1890 5867 1890
4159 2930 4624 2930
1292 4792 7969 4792
6637 3911 8243 3911
1598 1186 2421 1186
3241 3262 8240 3262
1796 3039 5950 3039
1201 1388 9365 1388
3578 847 7844 847
4351 4839 4866 4839
6231 3182 8978 3182
7258 2114 8330 2114
7426 1411 9949 1411
5166 25 9048 25
3278 3885 7296 3885
2893 4625 7074 4625
1883 4375 4921 4375
2859 3702 3708 3702
992 121 9039 121
758 153 4575 153
2099 4404 6935 4404
2146 1671 2197 1671
2278 112 8217 112
9137 62 9685 62
2169 1512 8142 1512
5774 2242 9762 2242
1354 736 6845 736
7887 2667 9740 2667
6965 3909 9627 3909
2176 4656 3164 4656
1577 3027 7998 3027
4157 2763 5928 2763
450 1325 6034 1325
6147 4778 6762 4778
8222 46 8791 46
1870 620 3507 620
8694 3091 9098 3091
7769 4499 9456 4499
2604 4865 6199 4865
2010 1396 7975 1396
7420 4558 9400 4558
470 2332 7690 2332
1559 256 2835 256
4368 1431 8560 1431
2528 4510 6002 4510
5675 522 9502 522
7069 461 9765 461
1716 50 4700 50
4770 1406 8096 1406
6083 2066 9562 2066
3484 4122 5448 4122
5002 3343 7648 3343
1859 2693 4068 2693
612 1519 4555 1519
8996 4834 9767 4834
1624 1676 8040 1676
4262 1159 6396 1159
4779 1419 8034 1419
3720 666 9938 666
5667 3792 6937 3792
868 1803 7606 1803
1950 4429 2149 4429
3110 2199 3391 2199
288 3259 8111 3259
503 2643 7582 2643
1120 2542 3236 2542
4305 3482 9922 3482
792 3130 2822 3130
1580 3201 9630 3201
7334 3164 9165 3164
3310 405 4571 405
7355 2229 7930 2229
2320 339 6253 339
3094 1623 9325 1623
445 977 2430 977
686 1316 3739 1316
6123 324 7475 324
2987 3360 4834 3360
5148 4181 5303 4181
4199 3103 8825 3103
2966 874 4285 874
1702 4486 2381 4486
466 1306 4884 1306
4546 2447 4856 2447
3575 4587 4904 4587
666 1792 6211 1792
3240 4609 9582 4609
4372 2351 8639 2351
3172 65 7708 65
697 4661 7240 4661
2579 1911 3555 1911
2955 3256 3887 3256
1771 2746 2740 2746
1010 1453 6236 1453
2172 2355 9110 2355
8406 1526 9090 1526
1838 3042 5867 3042
1535 1511 4762 1511
5437 4103 6572 4103
2692 1512 3010 1512
4285 2743 5460 2743
1210 993 5142 993
2611 1475 8673 1475
328 1065 7542 1065
2093 699 7605 699
3334 2018 7462 2018
313 3476 8073 3476
3054 664 3922 664
1363 2551 3095 2551
4934 4567 7854 4567
4662 4443 6971 4443
1040 239 4126 239
6311 4797 6388 4797
6273 840 9391 840
2742 1238 7315 1238
4262 1275 5929 1275
1162 1020 1496 1020
3221 289 7936 289
312 2222 5995 2222
2713 1040 4360 1040
3607 3125 3706 3125
612 962 5585 962
8133 409 8249 409
8134 2144 9551 2144
5697 2192 6788 2192
817 2462 7154 2462
8642 1868 8793 1868
1578 3651 4283 3651
768 4261 7822 4261
2361 4504 3731 4504
4983 1119 5863 1119
4173 560 9976 560
1553 1414 2103 1414
2233 2036 6721 2036
3423 4290 6646 4290
837 1691 8897 1691
3700 3425 6739 3425
6633 4333 7380 4333
1675 4057 8190 4057
8173 4409 8190 4409
7146 2145 9414 2145
4093 4686 6529 4686
1870 4109 4270 4109
949 4818 5004 4818
172 2615 3147 2615
5200 2509 9536 2509
2898 3291 9918 3291
906 4423 1125 4423
3096 2556 6234 2556
4529 4364 7512 4364
7479 2156 9303 2156
1314 4247 9052 4247
4533 4368 6737 4368
493 2269 7927 2269
7795 1714 9584 1714
2467 2836 3128 2836
6082 1265 8496 1265
7105 4052 7874 4052
1824 1468 4379 1468
2728 1267 9504 1267
6704 4684 9758 4684
880 1736 5664 1736
2505 4115 3596 4115
1593 3086 5085 3086
1460 3940 3447 3940
5051 2429 7668 2429
3646 1028 8327 1028
2707 4155 4709 4155
2779 576 2959 576
3349 3890 5061 3890
6459 1818 8873 1818
7837 4179 9766 4179
1284 2789 6560 2789
1679 1138 9313 1138
1325 3925 6316 3925
5184 1645 6474 1645
2858 4662 4125 4662
3508 2271 4756 2271
4806 755 6076 755
523 2833 6739 2833
2166 4643 3743 4643
4681 1672 7085 1672
1864 254 4592 254
4993 3007 8950 3007
936 821 2514 821
2039 930 9467 930
4625 4971 7867 4971
703 3797 4427 3797
642 3335 5223 3335
984 4869 8178 4869
6612 140 7740 140
438 1858 7107 1858
5177 514 6996 514
1195 2789 7409 2789
3344 3975 8348 3975
4379 4317 4752 4317
4179 2980 9684 2980
6202 781 6683 781
3303 2757 7813 2757
6273 3193 6923 3193
3494 2000 7125 2000
1112 3457 3176 3457
937 144 1799 144
455 614 6200 614
8397 4111 9611 4111
3207 2990 5759 2990
2914 4081 7972 4081
7571 2622 9947 2622
7278 1669 9074 1669
5642 83 7222 83
8510 2392 8945 2392
1011 1839 2248 1839
4041 2680 4912 2680
1793 3383 8392 3383
8 2469 4615 2469
4556 2267 8354 2267
1894 2365 6964 2365
4986 3517 9867 3517
4198 4396 6181 4396
5170 425 7460 425
1678 4305 4254 4305
557 2058 1049 2058
4784 4640 5343 4640
2266 3018 8017 3018
2218 3788 4787 3788
188 1923 6173 1923
2058 4310 4016 4310
2497 3104 9345 3104
2597 975 6547 975
1113 4077 9408 4077
786 2115 9728 2115
8520 500 9828 500
476 1675 613 1675
5048 3085 6122 3085
3380 2342 3469 2342
4571 1695 6012 1695
5373 1752 5505 1752
4168 536 4492 536
2250 330 8631 330
3856 384 6539 384
1801 2935 2304 2935
945 3018 8918 3018
3861 1382 5171 1382
4668 1480 7878 1480
58 323 1249 323
3385 2098 4297 2098
2183 3607 5522 3607
1244 4765 2385 4765
5690 1969 7769 1969
3236 113 7839 113
1154 2522 7382 2522
4621 3316 8566 3316
2011 348 6645 348
3133 512 8426 512
660 4563 3069 4563
954 4269 3253 4269
2232 4293 5420 4293
3505 3625 9144 3625
428 4596 1427 4596
594 1917 4664 1917
1211 3607 4745 3607
6758 4026 6894 4026
1478 3063 4903 3063
551 240 2799 240
4186 758 9623 758
5073 4686 8663 4686
2253 4718 2256 4718
837 1189 7444 1189
4216 3996 6070 3996
3994 3139 7241 3139
5084 3806 9690 3806
2777 2955 9395 2955
4818 1809 5710 1809
2918 4300 9077 4300
5321 3426 5769 3426
4087 2407 8439 2407
1419 635 8596 635
2382 3973 6483 3973
750 96 5357 96
1814 1831 4466 1831
378 669 1434 669
1495 197 5440 197
4102 97 7658 97
6870 4601 8670 4601
1545 4213 7623 4213
4718 2590 4975 2590
3815 4920 4702 4920
4452 154 8755 154
5558 190 7522 190
2460 4655 7414 4655
499 4351 6154 4351
1396 4500 3705 4500
4559 3766 4899 3766
8740 2516 8956 2516
4447 2644 9691 2644
3500 3867 6223 3867
6346 4549 9056 4549
3645 1779 5203 1779
3888 1337 7477 1337
1185 4537 5845 4537
5980 4104 8787 4104
3150 1374 8350 1374
4834 1250 6246 1250
4494 2732 9822 2732
2519 2690 4242 2690
7330 4285 7749 4285
113 48 972 48
4814 211 6875 211
5827 3003 9348 3003
1125 199 7966 199
2081 121 4159 121
5682 2764 8039 2764
3406 1888 7259 1888
2298 834 6900 834
5677 4529 6825 4529
1197 834 7158 834
7075 3344 9327 3344
2351 1075 3373 1075
6787 1550 9126 1550
3064 2492 6506 2492
7867 1252 9014 1252
1958 889 3362 889
1954 630 4649 630
6542 4251 9057 4251
4251 159 7093 159
1728 3973 5559 3973
3254 3741 5360 3741
8349 299 9245 299
85 2629 3424 2629
3043 1779 3763 1779
4031 1295 7736 1295
376 3536 1200 3536
4868 2620 5715 2620
2883 1095 6891 1095
426 927 7891 927
1134 1906 9461 1906
4412 3055 6571 3055
445 3777 5190 3777
12 1323 5866 1323
267 2265 9686 2265
3781 2208 4291 2208
3292 3261 5154 3261
590 2009 7518 2009
738 861 7187 861
2173 1103 2696 1103
7690 4432 9314 4432
1948 4187 6467 4187
2102 1849 8673 1849
3174 2961 4593 2961
2522 4618 8744 4618
1184 2081 3590 2081
6593 2227 9464 2227
403 4467 4839 4467
1858 3784 4001 3784
2932 1257 9676 1257
5808 4984 7586 4984
205 4435 4943 4435
2516 425 3659 425
2549 4836 6720 4836
922 2612 1941 2612
60 3816 3999 3816
7397 71 8691 71
2262 3951 7407 3951
38 607 7587 607
1379 3008 1674 3008
1306 1946 2407 1946
1114 3380 2851 3380
5386 3463 5596 3463
8087 3260 8845 3260
3258 4977 9242 4977
5392 877 6984 877
28 3870 5192 3870
910 693 9452 693
2205 515 8244 515
5179 293 5338 293
4034 3498 7950 3498
990 1564 8024 1564
2009 682 3184 682
2774 29 7957 29
3027 3381 6954 3381
3334 546 5346 546
3669 572 4984 572
925 2043 1662 2043
4411 1163 4847 1163
5475 999 7286 999
6216 2192 8762 2192
2560 4604 8469 4604
898 4569 3847 4569
573 3527 4683 3527
3067 3176 8575 3176
2762 2062 3107 2062
7440 3486 9877 3486
4624 3005 6344 3005
188 4777 4493 4777
4471 4025 8093 4025
1595 3223 9538 3223
617 4928 1382 4928
6756 3280 8311 3280
8267 3881 9203 3881
4641 990 5982 990
1487 1017 5530 1017
849 3080 9562 3080
543 2309 8028 2309
5260 2995 7011 2995
744 2857 8833 2857
3247 3328 5705 3328
7495 127 8465 127
3665 3085 9493 3085
3939 4913 7101 4913
3504 249 5659 249
1412 3525 4294 3525
2540 2176 6967 2176
807 4551 7059 4551
510 2070 3015 2070
7994 1914 8235 1914
1756 3147 9126 3147
7874 1332 8059 1332
252 3596 6078 3596
3642 3435 5317 3435
2778 950 9798 950
909 4262 1379 4262
335 3922 7681 3922
6265 2234 6912 2234
454 2986 728 2986
1819 2920 4741 2920
3379 1126 3555 1126
724 4763 7087 4763
3689 1653 9129 1653
2823 99 7368 99
4994 2846 7492 2846
2702 292 7025 292
2515 2282 3499 2282
420 4947 6378 4947
626 1775 4268 1775
26 3399 9588 3399
4991 4065 8583 4065
657 1171 2807 1171
2195 3378 4514 3378
312 2469 8374 2469
3746 671 6212 671
5847 3456 6946 3456
2191 3352 6412 3352
2358 4161 7546 4161
2052 47 4854 47
6476 839 7763 839
645 2658 6358 2658
1089 2743 1148 2743
3144 3873 3695 3873
982 4057 4221 4057
8366 2906 8637 2906
431 4062 6408 4062
8530 3623 8949 3623
2757 1059 4622 1059
630 4462 2948 4462
6930 4237 7700 4237
3615 3371 5349 3371
304 3025 1922 3025
170 4642 6040 4642
548 2164 6254 2164
1781 2289 3813 2289
7710 3354 9785 3354
1082 1024 7484 1024
923 792 2316 792
1091 2969 5977 2969
9458 4310 9688 4310
2231 2078 5656 2078
1071 586 3843 586
3525 1123 7519 1123
5218 3220 5570 3220
1704 3243 9847 3243
4950 736 5551 736
1617 2759 5661 2759
5123 4592 6424 4592
5030 3889 6659 3889
580 224 4857 224
6357 1067 7142 1067
1207 3235 6738 3235
6246 1989 6835 1989
333 1238 730 1238
4284 2882 5550 2882
633 3356 6500 3356
4347 1257 5822 1257
3206 4656 8090 4656
4721 4527 8808 4527
6680 3362 9841 3362
3471 2091 9168 2091
2572 4360 3214 4360
6946 2596 7807 2596
1572 114 3500 114
5870 856 6488 856
1087 4690 2510 4690
1364 3948 8116 3948
763 126 4988 126
708 2934 6311 2934
248 2489 662 2489
7723 1245 9877 1245
2813 2969 8578 2969
7687 26 8535 26
1396 1478 8956 1478
2203 1375 6686 1375
2616 326 5088 326
3569 2042 6695 2042
2867 2405 3517 2405
839 3522 3272 3522
5804 3400 9062 3400
5252 3911 8350 3911
6110 2969 7768 2969
2438 3372 4094 3372
7824 3613 8835 3613
5394 4772 9893 4772
188 1513 4810 1513
1314 3520 6251 3520
6687 3473 8049 3473
5920 4569 9502 4569
3931 2791 6483 2791
4556 942 6891 942
4137 2449 5574 2449
4237 2496 6006 2496
5734 3934 8900 3934
2196 4798 6669 4798
6132 4959 6810 4959
2179 3681 5932 3681
2743 3912 8893 3912
1098 3060 5129 3060
737 2541 5865 2541
1770 4181 5417 4181
1919 4613 5682 4613
922 4887 6633 4887
4381 2355 9779 2355
2207 1503 3886 1503
1581 2114 6231 2114
7796 2040 8916 2040
2332 2268 6554 2268
786 904 5524 904
2895 3950 8265 3950
7353 4481 7403 4481
3285 2308 9285 2308
1036 1789 2295 1789
1890 815 4844 815
5831 4713 8102 4713
3988 1822 4535 1822
1039 475 6051 475
801 4140 7462 4140
618 301 9616 301
3415 2926 8368 2926
1890 3822 8066 3822
965 3624 5743 3624
53 746 2561 746
7704 3010 9230 3010
3494 4367 8096 4367
798 162 7546 162
4467 160 5749 160
4211 1072 9150 1072
3305 2511 3395 2511
2066 2840 7043 2840
3064 2683 9219 2683
3483 3695 5559 3695
1981 3207 3656 3207
1654 2736 3651 2736
1753 1688 9411 1688
5572 262 7181 262
2493 4627 4069 4627
4101 3368 9198 3368
1687 3166 4100 3166
3193 4766 8997 4766
2030 1909 7765 1909
4779 3709 8700 3709
832 769 9067 769
4353 1143 5155 1143
2612 852 5243 852
4570 4737 5384 4737
718 4899 9920 4899
1848 4356 4410 4356
2176 395 9392 395
634 2767 1926 2767
5716 2082 6896 2082
5713 4982 7620 4982
1080 3775 4267 3775
166 1129 4538 1129
6254 3598 8968 3598
2299 2559 3918 2559
1311 3513 3389 3513
2534 4158 3492 4158
7074 4205 9943 4205
3863 2280 7335 2280
4670 3914 6304 3914
9112 4174 9601 4174
2118 1909 3016 1909
4952 1187 9831 1187
1812 1898 3020 1898
3480 1269 7335 1269
2229 1184 9647 1184
3324 190 7116 190
850 3079 2047 3079
6854 3793 6891 3793
4004 2084 8374 2084
1818 688 4680 688
553 1677 8436 1677
3535 4574 9634 4574
8016 3358 8794 3358
832 1709 8785 1709
3502 1081 4374 1081
2723 1571 9424 1571
1272 2077 6106 2077
436 1098 7627 1098
7451 63 8712 63
4354 2317 9326 2317
4570 875 8696 875
2638 4543 5448 4543
4565 2239 7617 2239
1451 3839 7852 3839
5328 2754 9539 2754
104 1282 6598 1282
2071 3033 4203 3033
4054 4073 5269 4073
986 4819 6316 4819
508 809 8278 809
1705 1064 2336 1064
1287 3597 8527 3597
5183 2478 8106 2478
615 4202 1503 4202
3746 4403 8795 4403
5451 1217 5772 1217
7224 3570 9111 3570
6591 1081 9403 1081
8768 4757 9232 4757
2475 4892 4806 4892
2752 2017 4072 2017
8727 2597 8922 2597
2195 906 5000 906
622 1057 9310 1057
5069 3723 8174 3723
2975 3958 6137 3958
6158 3250 7553 3250
4297 2568 6548 2568
3879 4169 7973 4169
1263 4743 7032 4743
2474 3152 4375 3152
6293 661 9659 661
3040 2183 9985 2183
6016 1345 6140 1345
1894 4156 4695 4156
3013 259 5378 259
1904 3591 3842 3591
5366 4683 8330 4683
551 714 5008 714
5393 219 9709 219
6251 653 9248 653
782 4028 6074 4028
8619 36 8689 36
292 3022 3188 3022
6131 3021 6307 3021
6517 3287 8932 3287
2910 4706 8879 4706
3850 3907 5058 3907
2055 4825 2075 4825
4967 4079 6623 4079
4106 3434 9388 3434
2274 3141 3957 3141
8445 2079 8547 2079
1955 4004 8809 4004
8349 3989 8948 3989
3922 3968 8432 3968
2092 4758 9396 4758
1147 2828 4530 2828
795 1079 5098 1079
3770 1911 7213 1911
5662 199 6416 199
2512 767 4634 767
1763 1870 2206 1870
713 1417 9046 1417
7573 3633 7651 3633
5911 1142 6350 1142
581 3644 7466 3644
7158 1182 8252 1182
5542 3615 8730 3615
3642 1360 9617 1360
5348 1300 8904 1300
82 2577 6129 2577
5962 4871 6261 4871
3427 4765 9499 4765
2299 2999 8799 2999
346 1418 5279 1418
5803 2402 7844 2402
669 3001 7830 3001
3481 3679 8758 3679
3377 593 7420 593
2342 3573 6535 3573
934 3658 4469 3658
4127 2102 5008 2102
745 2362 1017 2362
223 466 9544 466
7593 2610 8802 2610
5619 4370 5777 4370
2312 1269 6095 1269
2485 2080 9771 2080
5217 4000 6896 4000
7888 4872 9546 4872
1033 2495 5517 2495
1879 3378 3511 3378
6243 2323 7414 2323
5213 2080 9412 2080
2974 558 7138 558
4163 2613 5074 2613
3004 159 6839 159
5286 2850 8952 2850
3139 4686 4427 4686
386 113 7583 113
2303 2931 9963 2931
1403 2977 2838 2977
1881 2434 7179 2434
104 2985 2632 2985
4268 751 9207 751
1081 4735 2134 4735
6170 1964 8421 1964
1416 1199 8395 1199
502 263 4454 263
5116 1704 7485 1704
1142 271 9486 271
3079 3052 9513 3052
2443 1369 9102 1369
1228 2535 8268 2535
7256 3072 9777 3072
5382 1689 9895 1689
5 4414 8700 4414
2198 2668 7891 2668
7773 3359 9760 3359
1053 3556 6998 3556
1595 1791 3055 1791
5760 4525 6868 4525
5976 2644 6934 2644
3906 2512 6855 2512
544 115 9337 115
3299 1281 7738 1281
3475 1571 3827 1571
2386 4139 4419 4139
2277 4145 3403 4145
2174 188 6835 188
8656 2816 9430 2816
795 4824 6854 4824
8194 3491 8977 3491
34 4844 1122 4844
3616 614 4882 614
6841 1878 7940 1878
8083 2633 8477 2633
1013 1792 9391 1792
2256 3065 3433 3065
1881 1631 3891 1631
2660 3344 4122 3344
619 1502 5426 1502
2294 2183 3723 2183
157 1361 3801 1361
5858 2468 7923 2468
5961 337 9966 337
8426 271 9462 271
1732 2343 6509 2343
4296 4072 8713 4072
7537 3258 9582 3258
8154 2857 9365 2857
6408 2187 9059 2187
2661 2244 9397 2244
2835 1846 7388 1846
5384 1243 9094 1243
2342 2464 3092 2464
1654 4862 5740 4862
2221 2583 4176 2583
4066 3386 7205 3386
749 4798 5340 4798
3183 52 7255 52
259 96 9632 96
144 680 6940 680
649 1193 4565 1193
5517 1127 7770 1127
6865 2449 7986 2449
707 504 3156 504
7615 74 7618 74
97 4786 6386 4786
350 3016 3256 3016
1065 4226 4271 4226
4435 2890 8363 2890
7440 1183 7693 1183
6879 346 7962 346
3561 3424 9102 3424
5189 2917 6643 2917
153 2509 5739 2509
372 3526 9748 3526
3877 3505 7292 3505
748 4782 5379 4782
556 4751 2058 4751
302 2917 6225 2917
2713 4090 7511 4090
3894 1279 4796 1279
6608 681 9340 681
6469 3551 9901 3551
6285 3510 7854 3510
6500 2298 6847 2298
2307 3000 9824 3000
6168 4576 9944 4576
4673 1027 6716 1027
2217 3935 7475 3935
288 3318 1449 3318
2483 3635 6094 3635
1963 2501 6094 2501
3265 4310 6816 4310
2843 2483 6941 2483
1763 956 3587 956
3357 310 5677 310
719 3878 2925 3878
1263 26 3163 26
2596 427 4751 427
5029 1351 8312 1351
2024 1353 6785 1353
3392 3780 3551 3780
3224 4247 6521 4247
480 4883 5382 4883
2431 1211 4199 1211
355 2385 8466 2385
2106 3405 5772 3405
334 1514 2785 1514
1642 4337 2676 4337
3170 370 5024 370
2950 1222 8661 1222
4896 4739 7674 4739
5410 557 7181 557
2754 4942 6189 4942
3235 4109 5956 4109
3968 1900 5861 1900
662 3879 4375 3879
1098 1641 2879 1641
6204 4721 8953 4721
1241 1850 3232 1850
1479 4828 2068 4828
4370 560 9101 560
617 1290 3442 1290
849 1781 7567 1781
1484 4421 3239 4421
4585 4574 8014 4574
1899 561 9166 561
2073 2896 4873 2896
4198 1093 5442 1093
2362 1947 3246 1947
29 2984 270 2984
2672 2809 4832 2809
5703 875 7398 875
3766 3412 6311 3412
2794 4443 9884 4443
5884 1687 7181 1687
3496 2284 7526 2284
3427 1606 9420 1606
2565 94 5641 94
2386 615 2812 615
1317 1070 8536 1070
6168 484 7298 484
602 1314 8308 1314
4154 3387 7020 3387
6343 2205 8298 2205
368 4046 9272 4046
654 358 5394 358
2349 4466 5573 4466
5142 1396 9781 1396
6630 4994 7453 4994
376 2133 6284 2133
3052 3343 8482 3343
2227 4209 3219 4209
1989 3674 9196 3674
4374 2172 7511 2172
2892 3569 7878 3569
7251 832 7817 832
7173 574 8895 574
3022 2602 6640 2602
8087 1665 8476 1665
860 1223 5787 1223
11 1527 2423 1527
4543 575 4652 575
1883 4944 2802 4944
4540 180 7913 180
5510 1956 9676 1956
267 4285 331 4285
6631 4680 8525 4680
4092 2398 9432 2398
2951 588 4062 588
672 203 9850 203
959 2146 4966 2146
2065 704 7799 704
5731 2586 6796 2586
3810 4128 8726 4128
1560 249 9149 249
779 2155 5812 2155
835 2217 1816 2217
5298 1038 6140 1038
8232 2734 9082 2734
1152 2776 9224 2776
8109 1601 8662 1601
1295 4686 8672 4686
3100 1086 6666 1086
167 4402 876 4402
1528 3587 3348 3587
7197 2144 9878 2144
254 2625 6763 2625
4201 2462 8522 2462
4248 4614 7128 4614
5675 3881 9461 3881
6013 361 8316 361
4241 1264 6586 1264
5630 553 7117 553
2633 2143 4814 2143
1992 4076 8352 4076
3888 3096 8735 3096
1242 4509 7313 4509
3432 4676 7041 4676
7353 290 8949 290
2153 237 2576 237
5874 3263 6188 3263
1583 4547 6205 4547
3752 328 4735 328
3684 1260 9674 1260
5867 2909 7166 2909
3817 764 7740 764
2602 1911 8965 1911
6391 2253 7773 2253
3282 3899 4968 3899
3121 1088 5146 1088
1259 1187 2682 1187
5080 62 6607 62
997 1035 1450 1035
5129 2830 9625 2830
636 1568 7695 1568
233 1206 8362 1206
5517 2435 7781 2435
211 3866 2869 3866
3383 4582 8697 4582
551 1032 8612 1032
2337 1831 9940 1831
4721 2811 9600 2811
3922 4080 7050 4080
1317 1734 7737 1734
3807 1749 7621 1749
