253761 176661 362406 176661
790620 11338 968792 11338
199440 159318 751832 159318
169940 9641 372916 9641
2478 214898 257476 214898
186252 96339 592871 96339
534124 117432 940108 117432
148565 178293 453867 178293
683454 157698 835380 157698
160285 96422 400030 96422
68429 17293 615005 17293
313395 249830 578749 249830
294188 105712 760105 105712
467478 42360 850788 42360
288340 158152 927439 158152
116299 200911 951693 200911
644038 3456 832961 3456
800322 62961 887903 62961
488556 108069 847871 108069
107468 188673 473547 188673
216236 123308 808333 123308
251694 80886 628011 80886
94121 66140 824828 66140
505647 228534 599723 228534
856128 139637 978263 139637
76850 235757 904906 235757
826415 222378 882144 222378
433153 137273 693827 137273
117257 235239 270328 235239
484048 79146 551943 79146
430051 129733 845257 129733
34621 92309 948594 92309
496624 170083 704385 170083
269269 168296 473049 168296
522440 110648 967644 110648
162300 25134 978856 25134
94277 159426 350160 159426
246693 146968 386049 146968
211440 185393 830512 185393
963455 137578 999052 137578
5028 37900 587106 37900
888073 203516 893647 203516
495157 92847 779973 92847
349987 182720 794657 182720
371245 51551 700951 51551
362421 42222 860218 42222
45135 237083 417325 237083
204876 13561 919157 13561
315869 59667 414322 59667
593144 206239 762109 206239
